30081 9999 0 9999 0 4
30082 5.3537 2.99918 11.8867 3.11238 0
30083 9999 0 9999 0 2
30084 1.76734 2.08156 6.87832 2.08262 0
30085 9.24888 2.60151 6.59473 2.71199 0
30086 9999 0 9999 0 4
30087 -0.877652 2.58573 9.33173 2.14185 0
30088 1.38802 3.69711 9.18474 3.07985 0
30089 9999 0 9999 0 4
30090 7.97835 4.85682 11.6799 4.11296 0
30091 9999 0 9999 0 2
30092 -1.86136 4.3497 11.4453 3.46798 0
30093 5.94417 4.06662 15.5415 3.08695 0
30094 -3.47788 3.29253 8.75388 2.01467 0
30095 9999 0 9999 0 2
30096 3.98422 2.38152 4.11106 1.2954 0
30097 9999 0 9999 0 1
30098 9999 0 9999 0 2
30099 9.71719 5.43932 21.6907 4.9052 0
30100 -1.60517 2.0654 9.72667 1.49201 0
30101 9999 0 9999 0 4
30102 9999 0 9999 0 2
30103 9999 0 9999 0 4
30104 9999 0 9999 0 2
30105 9999 0 9999 0 4
30106 9999 0 9999 0 2
30107 -1.4064 2.85278 12.022 1.90173 0
30108 2.96669 4.20455 14.7058 3.98266 0
30109 -0.236095 2.57417 9.64012 1.97016 0
30110 9999 0 9999 0 2
30111 0.474622 4.60159 14.7499 4.37338 0
30112 9999 0 9999 0 2
30113 -1.41494 3.12498 12.0619 3.06785 0
30114 9999 0 9999 0 1
30115 9999 0 9999 0 1
30116 9999 0 9999 0 2
30117 6.31612 3.70395 11.321 3.31638 0
30118 9999 0 9999 0 4
30119 9999 0 9999 0 2
30120 9999 0 9999 0 2
30121 9999 0 9999 0 2
30122 9999 0 9999 0 5
30123 2.70995 3.36192 12.6926 2.9307 0
30124 9999 0 9999 0 2
30125 9999 0 9999 0 3
30126 0.680177 2.13708 8.70465 1.72188 0
30127 3.19655 3.41213 8.91743 3.28549 0
30128 9999 0 9999 0 4
30129 0.63268 3.12825 11.0167 2.34346 0
30130 9999 0 9999 0 4
30131 9999 0 9999 0 2
30132 -4.26334 2.12468 9.03159 1.87251 0
30133 0.898446 3.08717 10.7537 2.09827 0
30134 4.15517 3.15789 10.9559 2.41482 0
30135 4.88723 3.44339 13.0009 2.8373 0
30136 3.50799 2.93017 11.4491 2.39088 0
30137 9999 0 9999 0 2
30138 9999 0 9999 0 2
30139 9.73716 2.23311 5.79439 2.10735 0
30140 9999 0 9999 0 4
30141 9999 0 9999 0 4
30142 9999 0 9999 0 1
30143 9999 0 9999 0 1
30144 9999 0 9999 0 2
30145 9999 0 9999 0 2
30146 -1.61527 4.61271 15.4203 3.89997 0
30147 9999 0 9999 0 2
30148 0.355941 3.16184 11.3061 2.20233 0
30149 9999 0 9999 0 5
30150 9999 0 9999 0 1
30151 9999 0 9999 0 4
30152 8.80578 3.53939 10.1825 2.74102 0
30153 1.83375 3.06595 9.72937 2.41536 0
30154 -5.47803 4.7477 14.4831 4.61399 0
30155 9999 0 9999 0 1
30156 9999 0 9999 0 2
30157 9999 0 9999 0 4
30158 9999 0 9999 0 2
30159 9999 0 9999 0 2
30160 9999 0 9999 0 4
30161 0.609891 2.93117 11.2986 2.11899 0
30162 3.74579 1.50641 9.06186 1.21235 0
30163 -6.42762 3.51111 11.6304 2.7567 0
30164 -0.924268 2.07687 10.2689 1.57503 0
30165 2.53001 1.78114 10.0634 1.72506 0
30166 -3.4843 2.418 10.7153 2.09431 0
30167 4.58497 5.08464 19.6012 4.85966 0
30168 0.981508 2.96368 8.37595 2.25663 0
30169 1.89375 2.77369 14.1331 2.42062 0
30170 -4.84548 1.89689 11.3678 1.46731 0
30171 4.94019 2.28597 4.27285 1.42404 0
30172 1.87525 2.45204 11.1504 2.51745 0
30173 9999 0 9999 0 1
30174 -2.07768 1.44048 10.589 1.27332 0
30175 9999 0 9999 0 2
30176 1.70553 3.13517 12.5209 3.51632 0
30177 9999 0 9999 0 1
30178 0.869401 3.0699 13.2372 2.37508 0
30179 -5.74473 2.30027 7.92829 1.73744 0
30180 -2.55341 2.39697 9.52386 2.17099 0
30181 3.25056 2.40393 14.5136 2.41404 0
30182 -1.13502 2.31577 8.61824 1.53891 0
30183 -1.19953 2.20944 8.65059 1.33756 0
30184 -4.06776 4.35563 10.4572 2.9903 0
30185 -3.38933 1.83877 3.98702 1.09128 0
30186 9999 0 9999 0 4
30187 1.72507 1.62209 10.048 1.41124 0
30188 -2.56087 2.04104 7.25519 1.93429 0
30189 -1.95233 2.62737 10.4493 1.86936 0
30190 9999 0 9999 0 2
30191 -7.30748 1.44721 5.16886 1.76892 0
30192 9999 0 9999 0 2
30193 -0.678812 1.65737 8.73437 1.30353 0
30194 0.660626 3.10663 8.84703 2.37632 0
30195 -1.5094 1.88547 8.78146 1.45126 0
30196 9999 0 9999 0 5
30197 0.876419 2.3378 10.8516 1.78507 0
30198 -0.364993 2.85125 10.175 2.29892 0
30199 -0.606517 2.53489 10.0019 1.73451 0
30200 -0.605403 2.25269 10.3224 1.81014 0
30201 -1.65039 6.72989 15.9173 5.8982 0
30202 -0.316105 2.90888 11.1873 2.58496 0
30203 4.08535 3.26351 10.6107 2.77855 0
30204 2.71566 3.0344 14.0305 2.77685 0
30205 1.19337 1.93627 10.4821 1.69546 0
30206 -7.11405 2.36589 9.68984 2.26054 0
30207 -0.54645 1.98196 9.11061 1.6398 0
30208 -2.3478 3.44508 11.5552 2.90349 0
30209 -1.19205 1.66581 8.99213 1.43375 0
30210 0.295534 1.61547 8.79014 1.48851 0
30211 0.799365 1.42629 9.413 1.16505 0
30212 2.30903 1.88437 9.43263 1.56767 0
30213 -1.42935 3.11404 10.2813 3.0033 0
30214 5.06148 3.23053 9.56907 3.30984 0
30215 -3.41959 2.48922 10.9774 2.04883 0
30216 -2.46991 2.47664 12.3847 2.04205 0
30217 -3.03605 2.00235 10.6824 1.57151 0
30218 -2.05057 2.52917 9.8588 2.27731 0
30219 9999 0 9999 0 2
30220 1.74681 3.44378 12.9939 3.20522 0
30221 0.389547 2.64544 8.77345 2.73683 0
30222 -0.508395 3.36464 8.98748 2.06264 0
30223 9999 0 9999 0 4
30224 -0.94014 3.14156 10.4732 2.11814 0
30225 1.31881 2.25679 10.6535 1.86695 0
30226 0.200265 1.58937 8.40369 1.19409 0
30227 -2.42457 1.53448 4.78659 1.6504 0
30228 -2.4545 2.24263 11.3317 1.93578 0
30229 1.06354 5.71019 22.4778 7.11351 0
30230 4.29498 7.43198 22.9965 6.33923 0
30231 4.53164 3.6881 14.2166 3.9059 0
30232 0.375961 2.45444 11.3374 2.42288 0
30233 -2.43025 2.0556 7.19594 1.59631 0
30234 7.39401 6.94655 17.3783 4.93858 0
30235 1.03378 2.25863 10.1578 2.17605 0
30236 3.65899 2.90486 10.7894 2.22627 0
30237 0.357236 3.58894 10.8279 3.9865 0
30238 -2.44399 3.17758 7.61805 2.15654 0
30239 9999 0 9999 0 2
30240 -0.490583 3.96236 12.9029 2.90164 0
30241 -0.995412 1.30646 8.98826 0.983543 0
30242 -0.000950567 3.32025 12.2785 1.98235 0
30243 -0.26911 2.13437 9.01651 1.62487 0
30244 2.14562 2.36276 10.8594 2.0355 0
30245 -0.0320543 2.09073 11.6872 2.00784 0
30246 -5.01329 2.91472 8.61825 2.47209 0
30247 -2.45617 2.4845 9.22138 1.94972 0
30248 -4.10454 1.79329 7.47847 1.45637 0
30249 2.23642 2.22071 9.53133 1.97244 0
30250 -2.13669 2.1221 9.07949 1.89685 0
30251 -0.104271 2.56736 13.1312 2.1273 0
30252 0.531185 3.67397 11.2476 2.87418 0
30253 9999 0 9999 0 4
30254 -1.10745 1.83175 7.69929 1.68656 0
30255 9999 0 9999 0 1
30256 9999 0 9999 0 1
30257 9999 0 9999 0 1
30258 0.440648 2.3485 10.2521 1.65739 0
30259 -1.21741 2.11114 12.0705 1.76296 0
30260 9999 0 9999 0 2
30261 -6.36394 1.89512 9.89266 1.61809 0
30262 0.79692 2.0247 11.4125 1.89815 0
30263 -3.8645 1.94996 9.23378 1.55516 0
30264 0.43037 2.07915 10.6901 1.76042 0
30265 -0.800218 2.46126 9.83396 1.95276 0
30266 -1.00105 2.26917 11.643 1.87054 0
30267 -2.90805 2.27014 9.66122 2.12367 0
30268 -1.89204 2.70745 12.9953 2.03706 0
30269 -1.38846 1.7015 5.75523 1.70732 0
30270 -2.35484 2.84816 14.7871 3.15472 0
30271 -1.89681 2.43718 9.09418 1.68382 0
30272 2.97748 2.75614 11.103 2.51722 0
30273 0.815257 2.69896 12.4685 2.17107 0
30274 -3.80918 1.87549 7.95211 1.46873 0
30275 -4.37749 1.48934 6.82814 1.35173 0
30276 3.90994 3.35222 13.1172 2.54597 0
30277 1.64553 2.28222 11.2677 2.131 0
30278 -0.547957 2.13422 11.3973 1.9416 0
30279 9999 0 9999 0 2
30280 -1.7497 5.35133 17.238 4.44269 0
30281 -3.58896 2.75018 13.3737 1.9305 0
30282 -5.2726 4.11903 12.409 2.88164 0
30283 -0.476977 2.69099 10.0054 1.87504 0
30284 5.45705 2.35181 5.06617 1.84404 0
30285 -2.20982 2.3684 8.93563 1.84269 0
30286 -3.45221 2.06059 11.0437 1.73209 0
30287 9999 0 9999 0 2
30288 -0.563794 3.61952 8.82238 3.39191 0
30289 0.61758 2.61321 10.1784 1.82989 0
30290 0.0201571 2.30643 10.4756 1.6615 0
30291 -2.39379 1.98254 9.64988 1.41361 0
30292 9999 0 9999 0 2
30293 9999 0 9999 0 4
30294 0.0635013 2.4145 10.0402 2.08098 0
30295 1.13557 2.72554 11.5141 1.80951 0
30296 9999 0 9999 0 2
30297 -3.31402 2.47149 9.8464 2.3113 0
30298 -1.49172 2.95628 11.4383 2.03437 0
30299 9999 0 9999 0 2
30300 0.69056 4.31072 11.412 2.85063 0
30301 -4.7845 3.3206 18.0912 3.78062 0
30302 9999 0 9999 0 2
30303 9999 0 9999 0 2
30304 -1.69807 3.01695 8.43037 1.92783 0
30305 9999 0 9999 0 4
30306 -1.8684 2.32229 12.9478 2.09716 0
30307 2.34192 1.94569 9.03877 1.7696 0
30308 0.874927 1.58655 8.41998 1.20497 0
30309 0.794591 2.1659 13.9346 2.31121 0
30310 2.62054 2.16038 11.826 1.81668 0
30311 -1.5425 2.30161 10.7654 1.83699 0
30312 -1.82123 2.01822 8.65531 1.32435 0
30313 0.0785937 1.88542 10.1382 1.89101 0
30314 -0.531321 1.9014 8.51879 1.48951 0
30315 -1.06799 2.46096 10.0943 1.82777 0
30316 -0.580498 2.37868 10.5948 1.99445 0
30317 1.02913 2.56804 11.0774 2.08972 0
30318 2.21885 3.28553 11.7477 4.45526 0
30319 9999 0 9999 0 4
30320 9999 0 9999 0 4
30321 0.0980477 2.67696 9.7889 2.05687 0
30322 2.27478 2.16577 10.7364 1.87942 0
30323 -1.94695 3.66127 10.2991 2.56101 0
30324 9999 0 9999 0 2
30325 4.54395 3.193 10.6904 2.45329 0
30326 1.74137 2.46984 7.56135 2.01233 0
30327 -3.49986 2.63731 9.58081 1.85409 0
30328 2.16119 2.23123 8.86015 1.57356 0
30329 -6.84114 3.06107 12.5012 2.47869 0
30330 9999 0 9999 0 4
30331 -0.109539 2.82938 11.0785 2.26304 0
30332 9999 0 9999 0 2
30333 3.2928 2.47796 10.0059 1.76278 0
30334 9999 0 9999 0 4
30335 -2.12483 3.56781 8.95776 2.7501 0
30336 -4.99436 2.45209 6.34343 2.01318 0
30337 9999 0 9999 0 1
30338 0.58455 2.15066 10.3377 1.69804 0
30339 0.863857 3.29475 11.7536 2.41212 0
30340 2.62714 3.23415 10.8541 2.36843 0
30341 -1.16581 2.87816 11.2012 2.1972 0
30342 5.37809 1.72913 4.25093 1.25347 0
30343 9999 0 9999 0 2
30344 6.26964 2.1791 8.2964 1.69162 0
30345 -1.4227 2.874 10.1073 1.81802 0
30346 9999 0 9999 0 2
30347 -0.567543 1.91288 7.40296 1.32282 0
30348 9999 0 9999 0 4
30349 3.4648 4.51563 12.1029 3.2484 0
30350 9999 0 9999 0 5
30351 9999 0 9999 0 1
30352 9999 0 9999 0 4
30353 9999 0 9999 0 2
30354 -0.306508 2.64934 9.97189 2.06742 0
30355 2.22149 2.05997 10.3163 1.75141 0
30356 9999 0 9999 0 2
30357 9999 0 9999 0 5
30358 9999 0 9999 0 4
30359 -2.98749 2.3283 10.248 1.69581 0
30360 -3.53901 2.8744 10.5354 2.32536 0
30361 -0.799326 2.07805 7.77199 1.64383 0
30362 -2.24575 3.5194 10.9337 2.87424 0
30363 2.10929 2.40906 8.09687 1.85111 0
30364 9999 0 9999 0 4
30365 -2.95489 3.98476 14.5035 3.29664 0
30366 9999 0 9999 0 2
30367 -3.22833 1.95659 4.44594 1.26555 0
30368 9999 0 9999 0 1
30369 9999 0 9999 0 4
30370 1.89481 2.27361 9.81276 1.87713 0
30371 1.24945 2.49633 7.19267 2.03014 0
30372 2.6285 4.8875 12.4158 3.60367 0
30373 -10.2183 8.70683 19.64 6.26028 0
30374 2.21612 1.79695 9.06095 1.61576 0
30375 2.46163 4.1971 14.6916 4.45258 0
30376 -2.50787 2.28495 8.76321 2.19804 0
30377 0.995929 2.85158 11.3508 2.31608 0
30378 -1.61262 4.28422 14.5109 4.06844 0
30379 -1.81423 3.39341 12.8473 3.5172 0
30380 -4.08989 5.08521 11.3434 4.23338 0
30381 -4.9359 2.95875 12.3551 2.73698 0
30382 9999 0 9999 0 4
30383 -6.27137 3.09795 10.9292 2.34939 0
30384 9999 0 9999 0 4
30385 -0.800783 2.86441 11.048 2.33129 0
30386 9999 0 9999 0 4
30387 9999 0 9999 0 4
30388 -2.93186 2.00557 9.63893 2.2778 0
30389 -1.1988 1.88055 7.72652 1.49712 0
30390 0.358414 2.22682 12.804 1.77974 0
30391 9999 0 9999 0 4
30392 9999 0 9999 0 4
30393 -0.286108 3.00869 12.222 2.83769 0
30394 -9.17993 8.12582 22.6142 8.3882 0
30395 9999 0 9999 0 4
30396 -2.69426 3.02919 8.70631 2.128 0
30397 9999 0 9999 0 2
30398 9999 0 9999 0 2
30399 9999 0 9999 0 2
30400 -3.7361 2.55562 7.23633 1.87078 0
30401 -2.68571 1.98562 5.28675 2.1301 0
30402 0.0229642 2.05764 8.80168 1.23754 0
30403 6.14288 2.66672 7.8514 2.33891 0
30404 -3.54431 7.67651 21.3821 8.92531 0
30405 -4.84493 2.29398 6.65755 1.89262 0
30406 9999 0 9999 0 2
30407 9999 0 9999 0 1
30408 -3.24738 5.82726 17.959 6.28054 0
30409 9999 0 9999 0 1
30410 0.800744 3.61983 12.0049 2.68594 0
30411 9999 0 9999 0 2
30412 9999 0 9999 0 2
30413 9999 0 9999 0 2
30414 9999 0 9999 0 2
30415 9999 0 9999 0 2
30416 9999 0 9999 0 4
30417 9999 0 9999 0 1
30418 9999 0 9999 0 2
30419 2.72718 3.12965 11.5008 2.88479 0
30420 9999 0 9999 0 2
30421 6.02859 2.1799 7.60887 2.03362 0
30422 9999 0 9999 0 4
30423 9999 0 9999 0 2
30424 1.03391 4.32534 14.2093 3.12925 0
30425 3.43995 5.72978 15.8845 6.79367 0
30426 9999 0 9999 0 2
30427 9999 0 9999 0 2
30428 -3.89208 3.05886 9.26175 2.27232 0
30429 9999 0 9999 0 2
30430 9999 0 9999 0 2
30431 9999 0 9999 0 4
30432 9999 0 9999 0 1
30433 -8.54264 2.21622 5.6659 1.85668 0
30434 0.499701 3.2796 9.57015 2.96133 0
30435 9999 0 9999 0 4
30436 9999 0 9999 0 1
30437 9999 0 9999 0 4
30438 9999 0 9999 0 4
30439 9999 0 9999 0 2
30440 9999 0 9999 0 2
30441 9999 0 9999 0 1
30442 9999 0 9999 0 2
30443 9999 0 9999 0 1
30444 9999 0 9999 0 1
30445 9999 0 9999 0 2
30446 -6.66885 4.2997 13.8111 3.53691 0
30447 9999 0 9999 0 4
30448 9999 0 9999 0 2
30449 -0.180537 3.38528 9.13811 2.24597 0
30450 9999 0 9999 0 2
30451 1.54457 1.83492 8.02623 1.67391 0
30452 9999 0 9999 0 5
30453 9999 0 9999 0 5
30454 9999 0 9999 0 2
30455 9999 0 9999 0 4
30456 9999 0 9999 0 4
30457 9999 0 9999 0 1
30458 -9.0679 4.7294 10.1337 4.09447 0
30459 9999 0 9999 0 5
30460 9999 0 9999 0 2
30461 9999 0 9999 0 2
30462 9999 0 9999 0 4
30463 9999 0 9999 0 4
30464 9999 0 9999 0 4
30465 2.55957 2.02461 9.41644 1.77556 0
30466 9999 0 9999 0 2
30467 1.85056 2.85564 9.55268 2.30181 0
30468 9999 0 9999 0 2
30469 9999 0 9999 0 4
30470 9999 0 9999 0 1
30471 9999 0 9999 0 2
30472 9999 0 9999 0 2
30473 9999 0 9999 0 4
30474 -2.45184 4.81106 12.2427 3.64577 0
30475 9999 0 9999 0 1
30476 9999 0 9999 0 1
30477 9999 0 9999 0 2
30478 5.19603 2.50231 6.12869 1.62716 0
30479 9999 0 9999 0 4
30480 9999 0 9999 0 2
30481 5.41083 4.68587 11.175 3.42516 0
30482 9999 0 9999 0 2
30483 3.84201 3.99641 12.1823 3.78564 0
30484 -1.17989 3.49404 10.3395 3.07541 0
30485 -1.77402 3.01936 11.4191 2.1466 0
30486 9999 0 9999 0 5
30487 3.33048 5.03101 13.3492 3.68234 0
30488 9999 0 9999 0 4
30489 0.434757 3.36572 10.1548 2.51691 0
30490 9999 0 9999 0 2
30491 9.64724 5.94435 19.5915 4.48692 0
30492 9999 0 9999 0 2
30493 9999 0 9999 0 4
30494 9999 0 9999 0 2
30495 9999 0 9999 0 4
30496 9999 0 9999 0 2
30497 9999 0 9999 0 1
30498 9999 0 9999 0 2
30499 4.59131 5.31974 13.362 4.71296 0
30500 9999 0 9999 0 4
30501 3.90251 3.3162 10.7022 2.89481 0
30502 11.8087 10.9388 23.0551 7.81473 0
30503 9999 0 9999 0 2
30504 9999 0 9999 0 1
30505 9999 0 9999 0 4
30506 9999 0 9999 0 1
30507 9999 0 9999 0 2
30508 9999 0 9999 0 1
30509 0.210086 2.82566 8.21817 3.44881 0
30510 7.30082 4.31617 13.2276 3.68264 0
30511 9999 0 9999 0 2
30512 9999 0 9999 0 4
30513 9999 0 9999 0 4
30514 9999 0 9999 0 2
30515 9999 0 9999 0 2
30516 9999 0 9999 0 4
30517 9999 0 9999 0 4
30518 2.60855 3.43908 9.07651 2.92808 0
30519 1.77984 4.34028 14.6439 3.75114 0
30520 13.0996 4.1628 12.2064 5.67675 0
30521 3.92984 6.5261 17.5029 5.13526 0
30522 9999 0 9999 0 4
30523 9999 0 9999 0 4
30524 5.32259 3.30998 9.82122 2.71668 0
30525 9999 0 9999 0 4
30526 9999 0 9999 0 4
30527 6.50036 3.30817 8.0669 3.29941 0
30528 -1.55492 3.60515 9.65277 3.48097 0
30529 9999 0 9999 0 4
30530 9999 0 9999 0 4
30531 9999 0 9999 0 4
30532 9999 0 9999 0 2
30533 9999 0 9999 0 4
30534 -2.36028 4.29661 10.7079 3.54252 0
30535 9999 0 9999 0 4
30536 12.9608 7.12557 20.7644 5.34223 0
30537 9999 0 9999 0 1
30538 9999 0 9999 0 2
30539 9999 0 9999 0 4
30540 9999 0 9999 0 2
30541 9999 0 9999 0 4
30542 9999 0 9999 0 1
30543 2.4472 3.20335 10.368 2.20567 0
30544 9999 0 9999 0 2
30545 9999 0 9999 0 4
30546 9999 0 9999 0 2
30547 9999 0 9999 0 4
30548 9999 0 9999 0 2
30549 -1.6684 3.74884 13.0632 3.57487 0
30550 9999 0 9999 0 2
30551 5.62266 4.32077 14.1058 3.58927 0
30552 9999 0 9999 0 1
30553 9999 0 9999 0 2
30554 9999 0 9999 0 2
30555 9999 0 9999 0 1
30556 9999 0 9999 0 4
30557 9999 0 9999 0 2
30558 9999 0 9999 0 2
30559 9999 0 9999 0 2
30560 9999 0 9999 0 5
30561 1.2687 1.80667 8.60846 1.53449 0
30562 9999 0 9999 0 4
30563 9999 0 9999 0 1
30564 9999 0 9999 0 1
30565 9999 0 9999 0 2
30566 9999 0 9999 0 1
30567 9999 0 9999 0 2
30568 9999 0 9999 0 2
30569 -1.33952 2.24098 7.37726 2.05461 0
30570 9999 0 9999 0 4
30571 9999 0 9999 0 1
30572 5.20593 3.21391 11.9464 2.95184 0
30573 9999 0 9999 0 1
30574 9999 0 9999 0 1
30575 9999 0 9999 0 2
30576 9999 0 9999 0 4
30577 9999 0 9999 0 1
30578 9999 0 9999 0 1
30579 9999 0 9999 0 1
30580 6.78298 4.31337 15.2353 3.89891 0
30581 9999 0 9999 0 4
30582 9999 0 9999 0 4
30583 9999 0 9999 0 4
30584 9999 0 9999 0 2
30585 -3.40702 3.13735 8.21204 2.9573 0
30586 9999 0 9999 0 2
30587 8.46785 6.17473 15.3564 5.82515 0
30588 9999 0 9999 0 2
30589 -1.60499 3.87675 10.7165 3.72475 0
30590 2.6668 3.36971 10.0251 2.71252 0
30591 9999 0 9999 0 2
30592 9999 0 9999 0 1
30593 9999 0 9999 0 4
30594 9999 0 9999 0 1
30595 -2.06871 3.03981 9.19616 2.26752 0
30596 6.26466 2.81263 11.291 2.29433 0
30597 3.91268 2.12988 8.234 1.8958 0
30598 1.91828 3.24349 7.80412 2.48585 0
30599 3.17092 2.4396 9.9802 2.41714 0
30600 9999 0 9999 0 1
30601 9999 0 9999 0 2
30602 9999 0 9999 0 2
30603 7.96157 4.87902 14.9614 4.66341 0
30604 -1.0399 4.39499 10.4917 3.92886 0
30605 7.49954 2.74548 10.2798 2.56335 0
30606 -5.57549 4.86987 14.5003 4.87643 0
30607 16.0995 5.58194 22.7601 4.28406 0
30608 9999 0 9999 0 2
30609 -0.859415 2.44521 9.6796 1.90412 0
30610 9999 0 9999 0 4
30611 7.56665 7.98787 24.9319 7.41565 0
30612 9999 0 9999 0 4
30613 1.17951 3.94718 11.9835 3.0647 0
30614 1.61441 2.83301 7.5459 2.25525 0
30615 9999 0 9999 0 5
30616 9999 0 9999 0 2
30617 -5.32619 2.56082 6.85226 2.12757 0
30618 4.22269 3.69105 13.3571 3.58857 0
30619 9999 0 9999 0 4
30620 1.57229 2.58463 11.2068 2.30073 0
30621 5.42812 5.23376 11.2522 3.6284 0
30622 5.0299 5.93471 19.782 5.97301 0
30623 -2.39958 2.51036 10.9851 1.92915 0
30624 2.25922 2.04291 8.78235 1.67931 0
30625 2.21824 2.0169 8.17294 1.79552 0
30626 0.227901 2.56464 9.67847 1.74032 0
30627 -0.865893 1.72907 9.64349 1.21325 0
30628 9999 0 9999 0 5
30629 -0.297137 3.61898 11.6027 3.32277 0
30630 -7.6903 0.975526 4.62878 1.6347 0
30631 2.07946 3.5523 14.5606 3.36814 0
30632 3.57786 6.155 20.2815 5.49345 0
30633 -0.0429847 1.93319 9.77215 1.62898 0
30634 1.28062 3.0177 11.6972 2.49124 0
30635 -1.70228 2.09504 6.83508 2.31627 0
30636 -1.40273 2.58108 10.2296 2.39694 0
30637 7.78327 4.23678 12.6381 3.98187 0
30638 4.00686 3.24198 11.3525 2.62179 0
30639 5.35566 2.63982 13.3915 2.15831 0
30640 9999 0 9999 0 4
30641 -2.3024 2.2475 10.6652 1.83605 0
30642 4.72103 4.2078 15.3383 5.59648 0
30643 -0.0680172 2.16844 14.6982 2.1104 0
30644 9999 0 9999 0 4
30645 9999 0 9999 0 1
30646 9999 0 9999 0 2
30647 -0.832471 3.45744 11.5003 2.20956 0
30648 9999 0 9999 0 5
30649 9999 0 9999 0 2
30650 9999 0 9999 0 1
30651 3.4693 4.40903 13.8237 4.96788 0
30652 -3.02789 2.14104 9.48594 1.98877 0
30653 1.4266 3.15933 11.9633 2.4248 0
30654 -2.0871 2.98398 13.6015 2.74822 0
30655 3.05639 4.51841 16.0954 4.5229 0
30656 9999 0 9999 0 4
30657 9999 0 9999 0 1
30658 3.09246 2.11992 9.55345 1.67474 0
30659 7.69332 6.43323 25.242 6.35691 0
30660 10.4376 2.18432 7.1025 2.18016 0
30661 9999 0 9999 0 2
30662 9999 0 9999 0 2
30663 -1.74508 1.76507 9.03614 1.46575 0
30664 -2.06725 1.69912 7.84315 1.32801 0
30665 -6.88266 2.22749 5.77545 1.77041 0
30666 -1.33768 2.90664 13.2557 2.46484 0
30667 9999 0 9999 0 1
30668 -0.448745 2.67532 10.8118 1.9657 0
30669 0.936237 3.25881 9.62871 2.58194 0
30670 9999 0 9999 0 1
30671 9999 0 9999 0 2
30672 9999 0 9999 0 2
30673 9999 0 9999 0 4
30674 -1.39693 1.7146 8.48769 1.53046 0
30675 9999 0 9999 0 2
30676 -3.24829 2.84309 9.28998 2.14974 0
30677 -1.14123 1.85262 8.42383 1.51698 0
30678 2.31683 2.82804 8.30589 2.2862 0
30679 9999 0 9999 0 2
30680 9999 0 9999 0 1
30681 0.265665 1.73888 8.88886 1.68677 0
30682 9999 0 9999 0 1
30683 9999 0 9999 0 4
30684 2.2241 2.41863 10.8073 2.19475 0
30685 9999 0 9999 0 2
30686 9999 0 9999 0 4
30687 -0.777007 2.48151 9.36288 1.84908 0
30688 9999 0 9999 0 4
30689 -2.79759 2.24068 8.74734 1.73051 0
30690 9999 0 9999 0 4
30691 9999 0 9999 0 5
30692 -0.888743 2.21285 10.4417 1.77844 0
30693 9999 0 9999 0 4
30694 4.84785 4.15046 15.8884 4.13852 0
30695 9999 0 9999 0 2
30696 9999 0 9999 0 2
30697 5.69433 4.69275 17.1278 4.50969 0
30698 9999 0 9999 0 4
30699 9999 0 9999 0 2
30700 9999 0 9999 0 2
30701 -4.50815 2.16367 8.33839 1.65358 0
30702 1.18096 2.47076 10.3986 2.54064 0
30703 -5.74079 1.77472 5.77427 1.79528 0
30704 -1.95054 3.20303 10.745 2.26321 0
30705 9999 0 9999 0 4
30706 9999 0 9999 0 4
30707 9999 0 9999 0 3
30708 9999 0 9999 0 2
30709 -0.33193 1.83785 8.91419 1.48036 0
30710 9999 0 9999 0 2
30711 9999 0 9999 0 4
30712 2.89088 2.54484 8.45853 2.44705 0
30713 1.64323 2.65887 10.3515 2.29076 0
30714 -0.375534 4.60596 14.7943 3.64253 0
30715 -5.05247 1.8034 6.04981 1.46748 0
30716 9999 0 9999 0 2
30717 9999 0 9999 0 1
30718 -4.58139 1.584 5.15646 1.3352 0
30719 0.656873 3.77624 12.5513 3.72947 0
30720 9999 0 9999 0 4
30721 3.15264 2.12969 9.59842 1.84434 0
30722 -0.135026 1.77946 11.6995 1.88395 0
30723 0.889494 1.6025 8.95333 1.22782 0
30724 2.79981 2.01697 9.96082 1.69369 0
30725 1.64815 2.1416 13.7308 1.75566 0
30726 -2.19687 1.51128 8.07699 1.30514 0
30727 0.755111 1.57934 9.16365 1.20745 0
30728 -0.0102404 2.64829 12.6123 2.18841 0
30729 1.34429 3.22776 11.3798 3.17091 0
30730 1.27692 2.87521 8.56559 1.93628 0
30731 0.234826 2.01408 9.67068 1.54036 0
30732 9999 0 9999 0 2
30733 9999 0 9999 0 4
30734 -0.211387 2.10416 8.55602 1.72094 0
30735 3.07551 6.48361 21.5133 5.59285 0
30736 9999 0 9999 0 2
30737 9999 0 9999 0 1
30738 -0.982192 2.42172 10.7478 2.22838 0
30739 -1.28901 2.34391 11.6574 2.08358 0
30740 9999 0 9999 0 2
30741 2.57891 1.92534 10.7637 1.63924 0
30742 1.96841 1.40665 5.60991 1.06393 0
30743 1.70935 1.5719 9.34406 1.33601 0
30744 9999 0 9999 0 4
30745 -2.10487 2.01189 10.2844 1.89985 0
30746 -0.84066 2.69336 12.464 2.44939 0
30747 9999 0 9999 0 4
30748 1.96556 1.42549 11.0075 1.26521 0
30749 -0.223393 2.53458 10.5705 2.32684 0
30750 2.69432 1.39529 9.47212 1.03805 0
30751 4.46374 2.99867 14.6333 4.13245 0
30752 -0.794897 2.63587 10.6305 2.00028 0
30753 1.14599 2.46975 14.2586 1.85143 0
30754 -1.16823 2.51483 10.2521 2.11775 0
30755 -2.39559 3.10807 12.3558 2.67494 0
30756 -1.26845 2.38726 10.2757 1.84371 0
30757 9999 0 9999 0 5
30758 -4.72186 3.39227 10.7374 2.56137 0
30759 0.671268 1.83495 11.792 1.38498 0
30760 2.16232 2.38909 13.1287 1.98924 0
30761 -16.2072 7.29873 24.0553 7.55163 0
30762 0.398395 2.66902 9.19993 2.07249 0
30763 9999 0 9999 0 2
30764 0.0933763 2.00057 9.12828 1.69986 0
30765 9999 0 9999 0 2
30766 3.53846 2.43075 10.1359 2.19373 0
30767 9999 0 9999 0 2
30768 9999 0 9999 0 2
30769 -2.28667 2.51266 12.8381 2.24264 0
30770 -0.230636 1.50509 8.52949 1.57881 0
30771 9999 0 9999 0 4
30772 -2.77899 1.8624 10.581 1.51782 0
30773 -0.900547 3.23349 15.515 3.17545 0
30774 9999 0 9999 0 2
30775 0.214911 2.56794 12.7045 2.38874 0
30776 -1.14381 3.20597 10.8392 2.22883 0
30777 -0.66203 1.59466 10.5494 1.43394 0
30778 -5.62373 2.03662 10.6856 1.55 0
30779 -3.06358 2.42765 7.9896 1.62219 0
30780 -1.15159 2.49919 9.77995 1.93103 0
30781 2.60277 3.39465 10.5605 2.74078 0
30782 9999 0 9999 0 4
30783 9999 0 9999 0 2
30784 5.81483 2.25247 10.7565 2.47662 0
30785 9999 0 9999 0 4
30786 9999 0 9999 0 1
30787 9999 0 9999 0 1
30788 -0.857348 2.35823 10.8585 1.90506 0
30789 1.12178 3.6104 11.6228 3.76805 0
30790 -3.33705 3.42387 11.8839 2.96198 0
30791 9999 0 9999 0 2
30792 -1.93908 3.27074 14.4013 3.13308 0
30793 9999 0 9999 0 2
30794 0.187952 2.69616 11.1175 2.07894 0
30795 0.418779 2.05512 10.9296 1.56118 0
30796 -0.356726 5.16268 16.4984 4.0476 0
30797 -1.39755 2.86583 12.1146 2.72415 0
30798 9999 0 9999 0 2
30799 1.15203 2.27885 9.51637 1.83139 0
30800 9.3468 6.23893 20.1488 4.95601 0
30801 -2.48037 2.26331 13.0944 1.9583 0
30802 9999 0 9999 0 4
30803 -0.259123 2.27336 11.6881 2.32888 0
30804 -0.566795 2.92848 13.4268 2.89845 0
30805 -3.29577 0.969708 11.2543 0.901866 0
30806 -5.65108 2.4704 9.48125 1.87149 0
30807 2.26757 2.36405 10.1591 2.0568 0
30808 -3.10999 2.65963 9.44563 2.59374 0
30809 -2.62977 4.55481 30 2.90779 0
30810 2.65483 2.72289 11.824 3.90883 0
30811 9999 0 9999 0 4
30812 2.40094 2.97566 7.71471 2.67415 0
30813 -0.241474 3.61868 14.2362 2.74662 0
30814 2.935 2.82156 7.97935 2.61605 0
30815 9999 0 9999 0 2
30816 9999 0 9999 0 4
30817 9999 0 9999 0 1
30818 9999 0 9999 0 1
30819 -8.05536 3.72405 13.0664 3.4048 0
30820 9999 0 9999 0 2
30821 1.71116 2.51855 9.13036 1.80765 0
30822 9999 0 9999 0 4
30823 9999 0 9999 0 1
30824 1.28858 4.97905 17.2106 3.88687 0
30825 9999 0 9999 0 2
30826 9999 0 9999 0 2
30827 -4.45664 3.16447 14.9613 3.09411 0
30828 0.226788 2.92405 11.5111 2.86259 0
30829 -3.31582 4.05618 11.0183 2.85299 0
30830 9999 0 9999 0 4
30831 4.68459 2.87488 10.523 2.28227 0
30832 9999 0 9999 0 4
30833 -4.532 3.08615 9.48261 2.43017 0
30834 9999 0 9999 0 4
30835 -11.3519 4.8124 12.6174 4.81904 0
30836 1.91794 2.97617 10.6323 2.61558 0
30837 9999 0 9999 0 4
30838 9999 0 9999 0 4
30839 -4.87106 3.52864 17.8481 3.23047 0
30840 -5.27586 2.01938 11.6313 1.7384 0
30841 9999 0 9999 0 1
30842 -1.35932 3.79992 9.61802 3.28667 0
30843 9999 0 9999 0 4
30844 -1.09539 1.87251 8.84366 1.73709 0
30845 -0.787005 2.84431 9.41931 2.44573 0
30846 -4.39195 3.2223 11.7673 2.39474 0
30847 2.65529 4.33066 12.3225 3.15488 0
30848 9999 0 9999 0 1
30849 9999 0 9999 0 4
30850 3.25489 2.20499 11.7107 1.94691 0
30851 9999 0 9999 0 4
30852 8.12931 3.01557 8.01687 2.78411 0
30853 1.91472 3.63368 16.6869 3.91053 0
30854 9999 0 9999 0 1
30855 3.43161 2.12213 8.18406 1.94825 0
30856 6.69265 3.29568 12.6315 2.65222 0
30857 9999 0 9999 0 2
30858 8.0793 4.81415 13.3145 3.28601 0
30859 -1.98144 2.0323 8.4906 1.80463 0
30860 9999 0 9999 0 4
30861 9999 0 9999 0 2
30862 9999 0 9999 0 1
30863 9999 0 9999 0 1
30864 9999 0 9999 0 4
30865 9999 0 9999 0 1
30866 9999 0 9999 0 2
30867 1.07204 4.73108 18.497 4.61536 0
30868 9999 0 9999 0 1
30869 -2.29991 3.32386 11.521 3.19556 0
30870 9999 0 9999 0 1
30871 9999 0 9999 0 2
30872 9999 0 9999 0 2
30873 -0.929033 2.96465 10.1692 2.10607 0
30874 9999 0 9999 0 5
30875 9999 0 9999 0 2
30876 9999 0 9999 0 1
30877 9999 0 9999 0 2
30878 -4.98598 5.28945 16.2243 6.0511 0
30879 9999 0 9999 0 1
30880 9999 0 9999 0 1
30881 -2.09421 3.27847 10.8474 2.88776 0
30882 9999 0 9999 0 1
30883 -1.12877 2.09381 8.50719 1.75898 0
30884 9999 0 9999 0 1
30885 9999 0 9999 0 1
30886 9999 0 9999 0 4
30887 9999 0 9999 0 4
30888 -3.12792 3.66387 11.8779 3.204 0
30889 9999 0 9999 0 2
30890 9999 0 9999 0 4
30891 9999 0 9999 0 2
30892 9999 0 9999 0 4
30893 9999 0 9999 0 1
30894 11.3948 5.39729 14.8533 4.07594 0
30895 9999 0 9999 0 2
30896 3.65895 3.41091 10.4239 3.25401 0
30897 9999 0 9999 0 1
30898 9999 0 9999 0 2
30899 3.96077 4.32186 13.3195 4.5487 0
30900 9999 0 9999 0 1
30901 9999 0 9999 0 2
30902 9999 0 9999 0 1
30903 9999 0 9999 0 2
30904 9999 0 9999 0 4
30905 -3.39007 2.469 8.2476 1.63277 0
30906 9999 0 9999 0 4
30907 9999 0 9999 0 4
30908 7.24138 6.99365 16.5922 5.77097 0
30909 9999 0 9999 0 2
30910 5.61644 8.08393 20.4798 5.19495 0
30911 9999 0 9999 0 2
30912 9999 0 9999 0 4
30913 9999 0 9999 0 1
30914 1.87413 2.40965 11.3264 1.83529 0
30915 9999 0 9999 0 1
30916 -2.41182 6.50694 20.1839 9.54557 0
30917 9999 0 9999 0 1
30918 9999 0 9999 0 3
30919 9999 0 9999 0 2
30920 9999 0 9999 0 5
30921 9999 0 9999 0 1
30922 9999 0 9999 0 2
30923 9999 0 9999 0 1
30924 0.179076 3.12875 9.22006 2.37221 0
30925 9999 0 9999 0 2
30926 9999 0 9999 0 1
30927 9999 0 9999 0 1
30928 9999 0 9999 0 1
30929 9999 0 9999 0 2
30930 9999 0 9999 0 2
30931 9999 0 9999 0 1
30932 9999 0 9999 0 1
30933 9999 0 9999 0 1
30934 9999 0 9999 0 1
30935 9999 0 9999 0 1
30936 9999 0 9999 0 1
30937 9999 0 9999 0 2
30938 9999 0 9999 0 1
30939 9999 0 9999 0 1
30940 0.532144 4.09881 10.2267 2.85811 0
30941 9999 0 9999 0 1
30942 9999 0 9999 0 2
30943 9999 0 9999 0 1
30944 9999 0 9999 0 2
30945 9999 0 9999 0 2
30946 9999 0 9999 0 4
30947 9999 0 9999 0 2
30948 -8.47855 7.03049 16.8635 6.90884 0
30949 9999 0 9999 0 4
30950 -6.49035 2.32431 6.99218 1.74133 0
30951 9999 0 9999 0 1
30952 9999 0 9999 0 4
30953 9999 0 9999 0 2
30954 9999 0 9999 0 4
30955 9999 0 9999 0 2
30956 9999 0 9999 0 1
30957 9999 0 9999 0 1
30958 9999 0 9999 0 3
30959 9999 0 9999 0 2
30960 9999 0 9999 0 1
30961 9999 0 9999 0 1
30962 9999 0 9999 0 4
30963 3.89741 4.92518 12.3787 3.48283 0
30964 9999 0 9999 0 2
30965 9999 0 9999 0 2
30966 9999 0 9999 0 2
30967 -0.520312 2.9662 8.23571 2.43841 0
30968 9999 0 9999 0 1
30969 0.688135 3.39505 10.2008 3.75966 0
30970 3.22576 2.97305 7.63934 3.17653 0
30971 1.19919 10.3506 23.9621 8.00711 0
30972 6.76775 3.07744 11.1241 2.09909 0
30973 9999 0 9999 0 5
30974 9999 0 9999 0 4
30975 9999 0 9999 0 4
30976 9999 0 9999 0 4
30977 9999 0 9999 0 2
30978 6.71484 4.42659 14.2991 3.75657 0
30979 9.38278 3.65547 11.113 3.43953 0
30980 2.96242 1.62203 4.88327 1.24553 0
30981 -0.777557 1.81373 8.31072 1.3762 0
30982 -0.144924 4.21303 19.016 3.39112 0
30983 9999 0 9999 0 2
30984 -1.29049 3.19043 7.90484 2.30257 0
30985 9999 0 9999 0 4
30986 9999 0 9999 0 2
30987 1.39561 3.0382 7.43807 2.03429 0
30988 3.95348 2.73238 11.1536 2.88348 0
30989 9.26624 2.85815 8.52921 2.11862 0
30990 9999 0 9999 0 4
30991 9999 0 9999 0 4
30992 16.2712 7.07632 16.9888 5.79077 0
30993 9999 0 9999 0 4
30994 9999 0 9999 0 2
30995 1.03422 4.9842 12.6362 5.01686 0
30996 9999 0 9999 0 2
30997 9999 0 9999 0 2
30998 9999 0 9999 0 4
30999 -3.13399 2.1957 6.61532 1.5799 0
31000 9999 0 9999 0 4
31001 9999 0 9999 0 2
31002 8.9484 5.24471 14.9438 4.77947 0
31003 9999 0 9999 0 2
31004 9999 0 9999 0 2
31005 9999 0 9999 0 2
31006 3.50424 4.10196 12.4002 3.7912 0
31007 3.50694 2.45959 8.01278 1.86871 0
31008 9999 0 9999 0 4
31009 -3.08988 3.55495 12.9596 4.01363 0
31010 9999 0 9999 0 2
31011 9999 0 9999 0 2
31012 7.67246 5.71375 16.2942 4.56286 0
31013 2.47474 4.59111 13.5541 3.07385 0
31014 9999 0 9999 0 4
31015 2.10268 3.89798 11.1064 3.34711 0
31016 9999 0 9999 0 2
31017 9999 0 9999 0 5
31018 9999 0 9999 0 4
31019 9999 0 9999 0 2
31020 9999 0 9999 0 2
31021 9999 0 9999 0 2
31022 9999 0 9999 0 2
31023 9999 0 9999 0 2
31024 9999 0 9999 0 2
31025 9999 0 9999 0 2
31026 9999 0 9999 0 4
31027 9999 0 9999 0 2
31028 9999 0 9999 0 2
31029 9999 0 9999 0 2
31030 9999 0 9999 0 2
31031 -5.73589 2.0719 4.94237 1.45714 0
31032 9999 0 9999 0 2
31033 9999 0 9999 0 2
31034 9999 0 9999 0 2
31035 9999 0 9999 0 2
31036 9999 0 9999 0 2
31037 9999 0 9999 0 2
31038 9999 0 9999 0 2
31039 9999 0 9999 0 2
31040 9999 0 9999 0 2
31041 9999 0 9999 0 4
31042 9999 0 9999 0 2
31043 4.04863 3.05093 10.7929 2.46431 0
31044 9999 0 9999 0 4
31045 9999 0 9999 0 2
31046 9999 0 9999 0 4
31047 0.0226569 3.22105 11.4715 1.93868 0
31048 -1.24422 3.43084 8.60817 2.86283 0
31049 9999 0 9999 0 4
31050 14.0119 6.8375 28.504 4.8129 0
31051 1.88053 3.42174 12.217 3.98424 0
31052 9999 0 9999 0 4
31053 9999 0 9999 0 5
31054 6.12467 2.29747 5.66849 1.76388 0
31055 9999 0 9999 0 1
31056 9999 0 9999 0 2
31057 9999 0 9999 0 1
31058 -0.465274 5.95986 15.1992 5.00251 0
31059 0.269295 2.27801 11.7932 1.97429 0
31060 -5.84857 1.94563 5.55535 1.4434 0
31061 -0.234639 1.89924 9.12489 1.47585 0
31062 -0.707354 1.84379 11.2783 1.39223 0
31063 -1.36904 2.40066 9.22851 1.88889 0
31064 9999 0 9999 0 4
31065 1.85987 2.50385 10.0701 1.81987 0
31066 -0.237417 3.68487 10.0778 3.2653 0
31067 -5.51538 1.5265 4.38069 1.17174 0
31068 -3.7839 1.89539 8.374 1.25788 0
31069 -6.17865 1.57731 5.07068 1.26895 0
31070 7.03049 6.42861 25.5971 5.7088 0
31071 -2.96166 4.00552 14.619 3.31092 0
31072 -2.26454 2.63657 8.31834 1.85377 0
31073 0.340875 3.35209 11.4944 2.99168 0
31074 0.357867 1.96243 10.952 1.70827 0
31075 4.32543 3.80144 12.0422 3.09533 0
31076 -1.4015 1.74083 8.74424 1.5698 0
31077 -2.82634 2.32739 10.2873 1.63174 0
31078 1.09619 1.51983 9.68452 1.37286 0
31079 9999 0 9999 0 1
31080 3.11422 5.56703 15.8821 6.25884 0
31081 0.0403598 1.39031 10.0563 1.32802 0
31082 -3.26263 1.65111 7.69311 1.38688 0
31083 -0.968447 3.89427 15.3372 4.61214 0
31084 1.63385 2.32857 9.53823 2.24262 0
31085 2.96576 2.85101 9.79572 2.74782 0
31086 -2.1416 1.77675 7.77468 1.32887 0
31087 3.95658 2.53994 11.7731 1.9861 0
31088 9999 0 9999 0 5
31089 3.87922 1.83623 8.84002 1.53084 0
31090 2.50479 2.19966 9.14478 1.72678 0
31091 2.00896 1.89777 11.1702 1.64323 0
31092 -2.25509 2.56236 10.5449 2.12605 0
31093 9999 0 9999 0 4
31094 0.937173 1.76258 8.32151 1.21799 0
31095 3.17583 2.92081 13.197 2.6333 0
31096 7.21608 3.58149 14.4577 2.98254 0
31097 2.528 2.65794 11.6539 2.58311 0
31098 0.530855 3.4485 12.8315 3.54736 0
31099 2.48202 2.53097 11.2966 1.72461 0
31100 -4.05525 4.43356 11.419 3.37953 0
31101 9999 0 9999 0 1
31102 -0.0229456 3.31561 10.6281 2.45217 0
31103 -3.1913 1.3187 5.68531 1.09982 0
31104 9999 0 9999 0 4
31105 4.03883 2.22389 9.79544 1.80736 0
31106 9999 0 9999 0 4
31107 3.26938 1.76257 11.2871 1.97913 0
31108 10.5178 4.19526 17.2457 3.12422 0
31109 9999 0 9999 0 2
31110 9999 0 9999 0 2
31111 0.186295 1.77166 11.1978 1.55963 0
31112 9999 0 9999 0 2
31113 9999 0 9999 0 4
31114 12.4115 6.71913 18.35 5.05985 0
31115 4.66535 3.09223 11.6385 2.3957 0
31116 9999 0 9999 0 2
31117 4.09489 3.34726 10.0641 2.66164 0
31118 -0.863899 2.63242 8.46718 2.08034 0
31119 -1.98902 3.22176 11.2341 2.16126 0
31120 9999 0 9999 0 2
31121 -0.571499 1.59517 8.41809 1.23259 0
31122 -3.41031 2.14554 12.2987 2.19054 0
31123 0.628972 1.99891 9.11438 2.28372 0
31124 3.89228 2.39462 12.7882 1.69613 0
31125 1.67868 1.6783 7.04947 1.35786 0
31126 -1.4871 2.28128 9.33841 1.67496 0
31127 1.78949 1.80589 10.0235 1.20812 0
31128 9999 0 9999 0 4
31129 -1.51852 2.46085 12.7425 2.56991 0
31130 0.436403 1.55156 9.43434 1.42259 0
31131 9999 0 9999 0 4
31132 -0.605727 3.30378 8.92462 3.05388 0
31133 9999 0 9999 0 2
31134 -1.40666 2.77732 11.5178 2.50432 0
31135 -0.267732 3.20805 8.99678 2.28492 0
31136 -4.36072 1.79921 4.25615 1.08914 0
31137 9999 0 9999 0 1
31138 -2.97292 2.00457 10.6759 1.7416 0
31139 0.0442116 2.6078 11.8503 2.31903 0
31140 1.28653 2.23581 10.9109 1.60434 0
31141 0.0113769 2.13346 8.49232 1.56611 0
31142 1.47701 1.46963 9.60039 1.24157 0
31143 0.0949625 1.65286 9.792 1.32883 0
31144 0.860261 1.76501 11.827 1.7842 0
31145 0.246229 1.3878 9.20912 1.20336 0
31146 -0.275247 1.82806 8.51095 1.46204 0
31147 -0.429548 2.08375 12.0817 1.63524 0
31148 9999 0 9999 0 4
31149 1.37497 1.39424 10.2868 1.28725 0
31150 -0.0781719 2.4067 12.081 1.89294 0
31151 4.78076 3.42694 7.63718 3.3112 0
31152 5.70932 2.152 5.98278 1.94426 0
31153 0.643973 1.41266 11.5981 1.22714 0
31154 -4.33598 1.38228 8.87138 1.35299 0
31155 -0.102934 1.55684 10.6285 1.47264 0
31156 4.65683 2.1172 8.79662 1.73088 0
31157 0.170061 1.59428 11.1179 1.37961 0
31158 -1.89029 2.34863 11.3569 2.93346 0
31159 0.0916391 2.06415 10.1346 1.76608 0
31160 3.56637 2.20743 8.46105 1.55402 0
31161 -2.2254 2.50388 9.87549 1.6458 0
31162 -5.12008 2.07452 6.37235 1.74492 0
31163 9999 0 9999 0 4
31164 0.162065 2.37866 9.20338 1.87815 0
31165 -1.37682 1.60209 9.6203 1.2656 0
31166 1.74175 1.63632 7.65717 1.16127 0
31167 -7.31243 1.32521 5.38542 1.4439 0
31168 -2.68259 2.62144 8.80647 2.00022 0
31169 2.09354 1.13696 10.0936 0.958147 0
31170 1.91814 2.20673 11.6293 1.76824 0
31171 -0.596396 2.04642 11.9554 1.65819 0
31172 2.77472 1.38926 8.32117 1.35774 0
31173 1.13045 2.33345 11.1906 2.10603 0
31174 2.81474 2.57124 9.7565 1.73591 0
31175 -0.928055 1.80083 10.3342 1.35336 0
31176 1.07487 2.38202 8.71255 1.92708 0
31177 2.29904 2.49133 11.0267 1.99129 0
31178 -4.52117 2.78443 12.689 2.81663 0
31179 -5.83094 3.30131 8.79241 2.57255 0
31180 -5.17753 2.25187 7.39548 1.65794 0
31181 3.57334 3.35084 12.5676 2.42704 0
31182 -4.98297 2.21914 6.35467 3.15722 0
31183 -1.66629 2.6908 10.3348 2.27241 0
31184 2.56673 2.04361 5.96297 1.50644 0
31185 5.70162 2.55343 11.5396 2.42449 0
31186 9999 0 9999 0 2
31187 9999 0 9999 0 2
31188 9999 0 9999 0 2
31189 9999 0 9999 0 4
31190 1.17658 2.07155 10.6869 1.833 0
31191 3.20452 2.72537 9.40961 1.85803 0
31192 9999 0 9999 0 4
31193 -3.55017 3.56434 8.77275 2.693 0
31194 9999 0 9999 0 4
31195 -1.43341 1.74431 7.41221 1.23273 0
31196 0.48531 1.60759 8.2289 1.34426 0
31197 2.15031 2.4837 12.1225 2.08271 0
31198 9999 0 9999 0 4
31199 -6.63011 3.04005 11.3052 3.04348 0
31200 9999 0 9999 0 4
31201 2.29121 2.02666 9.68334 1.46898 0
31202 -2.42933 2.34142 11.7869 2.02498 0
31203 2.66622 1.99495 9.60968 1.686 0
31204 6.1136 5.53182 13.7183 4.09555 0
31205 -0.903144 2.20436 10.0891 1.84118 0
31206 9999 0 9999 0 4
31207 9999 0 9999 0 2
31208 -3.46086 2.28123 8.7998 2.26407 0
31209 -2.79918 2.06458 10.3402 1.81666 0
31210 -0.0275587 2.47438 11.7738 1.91366 0
31211 9999 0 9999 0 2
31212 -1.99346 2.84066 13.7716 2.47098 0
31213 9999 0 9999 0 2
31214 4.68555 2.81953 9.63883 2.66455 0
31215 9999 0 9999 0 4
31216 -2.99001 5.03062 14.1268 3.91945 0
31217 9999 0 9999 0 1
31218 2.2605 2.00528 10.8119 1.75369 0
31219 -1.32951 2.03863 10.4203 1.66904 0
31220 4.20098 2.40658 10.1636 2.1845 0
31221 -1.51338 2.79595 12.9445 2.45433 0
31222 3.04348 2.45238 8.69122 2.12445 0
31223 0.652555 1.78841 12.0063 1.62923 0
31224 -3.05352 2.00492 10.2367 1.74172 0
31225 9999 0 9999 0 1
31226 1.12372 1.95624 9.75887 1.39675 0
31227 1.83864 2.66112 9.60387 1.94191 0
31228 9999 0 9999 0 4
31229 9999 0 9999 0 4
31230 -4.31365 2.34672 10.8181 2.20186 0
31231 9999 0 9999 0 4
31232 -0.346884 4.9273 18.8341 5.25674 0
31233 -0.659802 2.79793 12.0782 2.604 0
31234 1.13093 1.55427 9.19611 1.23532 0
31235 2.36359 2.17298 9.75398 1.76567 0
31236 -1.96747 2.57228 12.155 2.41705 0
31237 -1.99646 2.10255 8.69911 1.56942 0
31238 0.131058 2.68062 8.55572 2.22496 0
31239 -3.50774 2.40475 5.75881 1.73175 0
31240 7.21142 3.03417 10.4709 2.28414 0
31241 -0.662441 2.24682 11.4825 1.75722 0
31242 -2.14221 3.65891 11.603 3.36082 0
31243 -3.09518 1.72067 7.85435 1.4957 0
31244 3.3428 2.395 9.55971 1.55186 0
31245 0.701786 2.20064 11.6287 1.83599 0
31246 0.0109531 1.79123 8.37074 1.53896 0
31247 -3.48454 2.07274 10.1261 1.63428 0
31248 -2.41476 1.99602 7.87985 1.68872 0
31249 2.6627 2.27792 11.6017 1.84812 0
31250 0.9105 1.92215 10.8922 1.53953 0
31251 -2.52411 1.62823 11.0357 1.3687 0
31252 -0.981473 1.13906 7.87027 0.953691 0
31253 2.96566 1.95996 12.2854 1.66791 0
31254 4.79766 2.50504 11.7148 2.29912 0
31255 0.27465 1.28259 10.8323 1.16675 0
31256 -2.04617 1.79755 9.16621 1.5205 0
31257 -1.70265 2.64915 10.1054 2.24367 0
31258 -3.0871 2.23933 8.58615 2.07911 0
31259 0.325481 2.08021 10.3438 1.6819 0
31260 -3.34684 2.28056 11.9503 2.70217 0
31261 -3.20271 2.80279 13.5779 3.7604 0
31262 -0.440425 2.06111 8.93487 1.4965 0
31263 -0.567941 3.41777 10.7965 2.50851 0
31264 0.0273559 3.12708 7.78294 2.06953 0
31265 -3.29422 3.27442 8.71883 2.73567 0
31266 0.527784 2.23791 10.2899 1.66367 0
31267 9999 0 9999 0 4
31268 2.08695 2.57356 12.7686 1.95475 0
31269 2.52027 2.56802 7.25305 1.55979 0
31270 0.756771 2.42397 11.1092 2.08334 0
31271 0.455446 1.69836 8.42014 1.16352 0
31272 1.12813 1.27925 10.0839 0.932951 0
31273 -4.72483 3.03161 8.16042 2.77843 0
31274 -0.342351 1.37942 10.2317 1.22458 0
31275 0.440458 1.36775 12.7444 1.19234 0
31276 -2.24404 2.21502 10.6921 2.15376 0
31277 -1.55669 1.64627 9.59694 1.28406 0
31278 0.7991 3.61236 10.8086 2.81386 0
31279 0.0150477 2.23177 11.2093 1.70052 0
31280 1.50448 2.61287 8.46639 2.09758 0
31281 -1.6153 2.07752 11.1119 2.07258 0
31282 9999 0 9999 0 5
31283 -2.34263 1.82457 11.499 1.93736 0
31284 2.57421 2.13819 12.4824 2.11114 0
31285 0.642351 2.07378 10.3471 1.45941 0
31286 0.113439 2.04411 14.074 1.88676 0
31287 2.84163 2.95504 14.6119 2.5344 0
31288 9999 0 9999 0 2
31289 -2.28087 1.93185 7.66665 1.27207 0
31290 -4.0871 3.00697 9.15942 2.30772 0
31291 1.51031 2.3771 8.42443 1.91844 0
31292 -0.715809 2.97383 12.1794 2.49455 0
31293 9999 0 9999 0 2
31294 4.26004 4.04708 14.6654 5.04287 0
31295 -3.18333 3.69705 10.4959 3.45349 0
31296 2.82644 3.05852 9.12326 2.04327 0
31297 9999 0 9999 0 2
31298 -0.110175 2.58963 12.1853 1.92768 0
31299 -1.4428 1.63225 10.0549 1.3184 0
31300 -2.20494 2.00564 13.0272 1.7508 0
31301 -0.0943886 2.14085 11.5155 1.8712 0
31302 -1.62991 1.72117 8.97072 1.53112 0
31303 1.27254 4.21284 10.5543 2.94661 0
31304 -0.894249 2.04893 9.31722 1.59719 0
31305 -3.06994 3.276 11.3447 3.45279 0
31306 -1.82314 2.87963 10.1013 1.92404 0
31307 -3.72932 4.37662 15.4843 5.00285 0
31308 9999 0 9999 0 4
31309 -6.32855 2.84316 7.93654 2.7744 0
31310 9999 0 9999 0 4
31311 9999 0 9999 0 4
31312 9999 0 9999 0 4
31313 -0.553441 2.91628 10.4603 3.8615 0
31314 -3.49037 1.99971 9.86303 2.02111 0
31315 1.42284 1.86176 8.64374 1.33504 0
31316 -4.08019 3.16786 11.2102 3.21308 0
31317 0.270711 3.1451 11.4638 2.65543 0
31318 1.13023 2.00866 12.1964 1.68767 0
31319 -2.60496 6.54279 16.4453 6.41773 0
31320 6.97552 1.91546 6.49721 2.20332 0
31321 -2.67214 2.36197 10.6121 1.69102 0
31322 -2.09249 2.54366 12.219 2.32298 0
31323 9999 0 9999 0 4
31324 -7.58868 5.00352 14.6702 4.31822 0
31325 -1.82285 2.7075 11.2305 2.45278 0
31326 -5.68714 2.7081 10.1674 2.18915 0
31327 1.96701 3.62869 11.1959 2.62175 0
31328 -3.13484 2.40389 7.37974 1.74536 0
31329 0.378026 2.01257 9.87376 1.60671 0
31330 3.22067 3.2857 8.57613 2.53947 0
31331 -0.606533 1.84343 9.77081 1.38748 0
31332 -2.93923 2.60602 12.8738 3.02299 0
31333 0.93995 2.15322 10.2256 2.00665 0
31334 1.02525 2.84036 8.16012 1.94996 0
31335 -2.07185 2.30653 8.11378 1.90946 0
31336 -1.57085 2.41651 12.6588 1.80648 0
31337 -1.48638 4.12095 12.8121 3.72091 0
31338 3.83659 4.15627 9.70071 4.29949 0
31339 0.717331 2.18439 9.16891 1.67396 0
31340 1.67404 2.53654 9.03423 1.84013 0
31341 9999 0 9999 0 4
31342 -1.14628 5.2163 12.706 4.29564 0
31343 9999 0 9999 0 4
31344 9999 0 9999 0 4
31345 -0.657885 1.95555 9.09029 1.51515 0
31346 -1.64069 2.00724 9.65281 1.67863 0
31347 -0.689915 2.30273 10.0822 1.69738 0
31348 4.13846 2.92987 13.4045 3.09323 0
31349 -1.68542 1.74387 7.55375 1.21605 0
31350 -3.67963 2.27134 10.0136 2.13416 0
31351 9999 0 9999 0 4
31352 0.435475 2.1577 8.40177 1.6874 0
31353 -6.39674 1.66575 5.59933 1.85284 0
31354 3.56927 2.792 7.56171 2.14666 0
31355 2.34697 1.94384 8.37033 1.71859 0
31356 4.61027 3.11218 8.98657 2.2325 0
31357 -4.05621 2.94092 10.4892 2.44642 0
31358 -0.0704762 1.50751 7.18313 1.16589 0
31359 0.139833 2.83779 9.19634 2.37994 0
31360 9999 0 9999 0 4
31361 1.34601 2.39872 8.79571 1.81942 0
31362 0.269504 2.34339 12.6792 1.82471 0
31363 5.86896 1.6977 4.58685 1.85739 0
31364 -3.53886 3.57711 11.3933 3.00587 0
31365 -3.40942 3.15641 14.4502 2.92667 0
31366 -2.20578 2.68999 7.50334 1.82138 0
31367 2.47984 5.28742 13.3886 4.38649 0
31368 7.50715 4.96563 13.8989 3.59445 0
31369 0.499556 3.84689 11.3636 4.27998 0
31370 -2.99097 3.97618 11.1063 3.89855 0
31371 -12.8641 6.54473 18.3714 4.8045 0
31372 9999 0 9999 0 4
31373 9999 0 9999 0 4
31374 9999 0 9999 0 2
31375 3.37432 3.08485 9.17038 2.84685 0
31376 9999 0 9999 0 4
31377 9999 0 9999 0 1
31378 8.58921 3.35691 9.83907 3.30195 0
31379 9999 0 9999 0 4
31380 9999 0 9999 0 2
31381 -5.59682 3.98684 11.4927 3.79573 0
31382 9999 0 9999 0 1
31383 9999 0 9999 0 1
31384 9999 0 9999 0 4
31385 4.6726 3.39039 15.7093 3.47978 0
31386 9999 0 9999 0 4
31387 0.956777 2.23751 10.1158 2.01554 0
31388 -1.51103 2.73171 10.113 2.39591 0
31389 -0.740886 2.94866 11.7924 2.51274 0
31390 -3.49054 2.60771 10.9629 2.19904 0
31391 -4.79323 2.27182 9.63292 1.55735 0
31392 9999 0 9999 0 4
31393 9999 0 9999 0 1
31394 9999 0 9999 0 1
31395 -1.149 2.74004 9.40102 2.51557 0
31396 9999 0 9999 0 1
31397 9999 0 9999 0 4
31398 9999 0 9999 0 1
31399 9999 0 9999 0 4
31400 -2.21426 2.47317 7.5169 1.89388 0
31401 9999 0 9999 0 1
31402 9999 0 9999 0 4
31403 9999 0 9999 0 1
31404 9999 0 9999 0 1
31405 9999 0 9999 0 2
31406 0.106994 8.14337 23.5934 5.69954 0
31407 9999 0 9999 0 1
31408 -4.05332 3.25608 8.71033 2.32211 0
31409 9999 0 9999 0 1
31410 9999 0 9999 0 5
31411 9999 0 9999 0 1
31412 2.09705 1.92815 4.95367 1.79643 0
31413 13.4625 7.82045 20.0582 6.29245 0
31414 -5.69092 7.6491 23.9665 5.63263 0
31415 9999 0 9999 0 1
31416 9999 0 9999 0 4
31417 9999 0 9999 0 1
31418 -0.566799 4.22737 11.6137 3.25797 0
31419 9999 0 9999 0 4
31420 9999 0 9999 0 1
31421 9999 0 9999 0 1
31422 9999 0 9999 0 2
31423 9999 0 9999 0 2
31424 9999 0 9999 0 1
31425 9999 0 9999 0 2
31426 9999 0 9999 0 1
31427 0.254821 3.6842 10.8047 3.05877 0
31428 9999 0 9999 0 2
31429 1.13008 3.30161 11.583 2.28649 0
31430 9999 0 9999 0 2
31431 9999 0 9999 0 2
31432 9999 0 9999 0 2
31433 9999 0 9999 0 4
31434 9999 0 9999 0 2
31435 9999 0 9999 0 2
31436 9999 0 9999 0 1
31437 9999 0 9999 0 1
31438 9999 0 9999 0 1
31439 9999 0 9999 0 2
31440 9999 0 9999 0 1
31441 5.1654 3.54131 10.1281 3.61251 0
31442 2.27784 2.69252 7.90577 2.35411 0
31443 5.659 3.19897 11.4271 2.39359 0
31444 -2.30476 1.69094 5.66081 1.44673 0
31445 4.19186 5.74883 15.6347 6.24513 0
31446 9999 0 9999 0 2
31447 9999 0 9999 0 1
31448 9999 0 9999 0 2
31449 -1.3047 3.1578 7.97908 2.31536 0
31450 -0.702726 4.19004 11.529 3.4222 0
31451 9999 0 9999 0 1
31452 9999 0 9999 0 4
31453 9999 0 9999 0 2
31454 9999 0 9999 0 5
31455 2.25645 3.94498 11.0926 3.32154 0
31456 9999 0 9999 0 4
31457 9999 0 9999 0 1
31458 -0.236571 2.8216 9.34393 2.27382 0
31459 -5.43391 2.29084 9.11663 1.8658 0
31460 9999 0 9999 0 5
31461 4.57761 3.73818 11.1152 2.63775 0
31462 -1.38442 5.77099 11.9756 3.94116 0
31463 9999 0 9999 0 4
31464 4.95488 4.49065 13.779 3.21778 0
31465 9999 0 9999 0 4
31466 9999 0 9999 0 4
31467 9999 0 9999 0 4
31468 9999 0 9999 0 4
31469 9.02053 3.89532 11.804 3.12388 0
31470 9999 0 9999 0 4
31471 0.140039 2.22967 8.37533 1.63898 0
31472 9999 0 9999 0 4
31473 1.22508 4.45896 13.3793 5.34904 0
31474 9999 0 9999 0 4
31475 9999 0 9999 0 2
31476 0.592513 2.67445 11.0341 1.96181 0
31477 9999 0 9999 0 4
31478 -8.19872 2.444 8.04691 2.02291 0
31479 5.87593 4.81331 16.2395 4.3753 0
31480 -1.63005 8.01917 25.9623 6.534 0
31481 -1.08865 4.43277 10.4596 4.0468 0
31482 9999 0 9999 0 2
31483 9999 0 9999 0 2
31484 9999 0 9999 0 1
31485 9999 0 9999 0 4
31486 9999 0 9999 0 2
31487 9999 0 9999 0 4
31488 9999 0 9999 0 4
31489 -7.33622 6.12187 25.1276 6.87083 0
31490 9999 0 9999 0 2
31491 9999 0 9999 0 4
31492 -0.0293801 5.21634 16.2527 6.69609 0
31493 0.469572 1.78715 6.09369 1.5477 0
31494 -2.57348 3.08457 9.4298 2.69079 0
31495 11.4148 5.73029 21.8766 5.11046 0
31496 9999 0 9999 0 5
31497 9999 0 9999 0 4
31498 9999 0 9999 0 2
31499 9999 0 9999 0 4
31500 9999 0 9999 0 4
31501 9999 0 9999 0 5
31502 13.3552 5.18634 17.0426 5.06775 0
31503 9999 0 9999 0 4
31504 9999 0 9999 0 2
31505 9999 0 9999 0 4
31506 9999 0 9999 0 1
31507 -0.51687 3.50141 11.5728 2.72466 0
31508 9999 0 9999 0 4
31509 -5.55277 2.33189 6.53179 1.60897 0
31510 9999 0 9999 0 2
31511 9999 0 9999 0 2
31512 2.72458 5.74205 16.8838 4.60305 0
31513 9999 0 9999 0 2
31514 -0.428159 2.26349 9.42945 1.55054 0
31515 9999 0 9999 0 2
31516 9999 0 9999 0 2
31517 9999 0 9999 0 2
31518 9999 0 9999 0 4
31519 9999 0 9999 0 4
31520 9999 0 9999 0 4
31521 9999 0 9999 0 2
31522 -3.64483 2.97033 10.2949 2.31315 0
31523 9999 0 9999 0 4
31524 -11.9356 2.06262 4.63531 1.23621 0
31525 9999 0 9999 0 4
31526 4.34817 2.27355 10.5388 2.88492 0
31527 9999 0 9999 0 4
31528 -3.07833 1.46268 7.55213 1.19244 0
31529 2.2655 2.437 7.84428 2.08123 0
31530 0.387613 3.09051 10.8042 2.6393 0
31531 6.65064 2.34338 7.46304 2.24615 0
31532 2.05131 2.85177 8.8532 1.81507 0
31533 9999 0 9999 0 2
31534 9999 0 9999 0 4
31535 9999 0 9999 0 1
31536 9999 0 9999 0 2
31537 9999 0 9999 0 1
31538 -1.37193 2.47418 10.8556 1.63602 0
31539 1.53859 4.38769 11.3327 2.78846 0
31540 9999 0 9999 0 2
31541 9999 0 9999 0 1
31542 9999 0 9999 0 1
31543 9999 0 9999 0 1
31544 9999 0 9999 0 1
31545 9999 0 9999 0 1
31546 9999 0 9999 0 1
31547 9999 0 9999 0 1
31548 9999 0 9999 0 1
31549 9999 0 9999 0 1
31550 9999 0 9999 0 1
31551 9999 0 9999 0 1
31552 9999 0 9999 0 1
31553 9999 0 9999 0 1
31554 9999 0 9999 0 1
31555 9999 0 9999 0 1
31556 9999 0 9999 0 1
31557 9999 0 9999 0 1
31558 9999 0 9999 0 1
31559 9999 0 9999 0 1
31560 9999 0 9999 0 1
31561 -7.56177 3.29506 8.78551 2.75835 0
31562 -5.20167 2.27526 8.31625 1.99959 0
31563 -0.685252 1.93875 9.07014 1.52208 0
31564 9999 0 9999 0 5
31565 2.52528 2.05592 9.45711 1.78495 0
31566 3.31505 3.36582 13.1079 2.34962 0
31567 -0.2481 4.02199 12.5896 3.08326 0
31568 3.49062 2.05451 14.0745 2.03158 0
31569 0.463852 3.14891 12.7841 2.39534 0
31570 -8.23846 1.23183 5.44646 1.89333 0
31571 -0.941777 1.86023 10.3226 1.45212 0
31572 9.28119 3.43084 16.0697 3.11702 0
31573 -1.29923 3.24872 13.269 2.86863 0
31574 3.90322 2.31479 11.3937 1.97776 0
31575 5.27487 2.1383 10.6191 2.15914 0
31576 -4.10146 2.9766 8.83975 2.25126 0
31577 0.218313 2.47528 9.68048 1.96895 0
31578 -3.58283 2.12444 8.09654 1.70131 0
31579 2.94024 2.44595 9.86213 2.0462 0
31580 3.51243 4.11386 15.0986 3.83131 0
31581 0.633598 5.13575 12.8204 4.86664 0
31582 9999 0 9999 0 4
31583 9999 0 9999 0 4
31584 2.52883 4.31119 15.5437 3.51708 0
31585 -3.33288 2.47282 9.57387 2.31928 0
31586 -0.265509 3.18653 10.8536 2.62951 0
31587 -0.0992161 1.90264 12.0862 1.68674 0
31588 -1.47328 5.50388 13.1648 5.00454 0
31589 3.15727 2.28246 11.1053 1.6378 0
31590 9999 0 9999 0 4
31591 -0.43417 3.38635 10.5366 2.80712 0
31592 9999 0 9999 0 1
31593 9999 0 9999 0 2
31594 9999 0 9999 0 4
31595 -0.55425 2.76043 11.5466 2.43358 0
31596 9999 0 9999 0 1
31597 0.319968 1.98119 9.04185 1.47384 0
31598 -1.9643 3.13573 9.80181 2.30933 0
31599 3.47406 2.79618 11.1466 2.37241 0
31600 9999 0 9999 0 4
31601 1.28163 2.50191 11.3135 1.99691 0
31602 -1.11107 2.64981 10.5733 1.98075 0
31603 -3.98806 2.08969 5.21725 1.72568 0
31604 1.53188 2.40182 12.5185 1.96398 0
31605 10.4272 5.60625 14.8013 3.74483 0
31606 0.894134 2.21525 12.0987 1.94557 0
31607 -0.472714 2.31912 12.7915 2.18944 0
31608 -2.49094 2.74474 10.0661 2.01288 0
31609 -3.05589 4.27581 14.9037 4.20402 0
31610 -1.36345 2.87816 13.1052 2.8539 0
31611 -2.89127 4.31754 13.7051 4.08804 0
31612 -1.14912 3.76058 12.9256 4.23408 0
31613 -2.92484 2.13603 8.55583 1.85531 0
31614 -3.05056 3.04499 10.1457 2.3032 0
31615 9999 0 9999 0 4
31616 15.2805 5.57691 19.5863 4.74984 0
31617 9999 0 9999 0 2
31618 -0.649831 1.91113 10.1977 1.7264 0
31619 -0.142841 3.61861 12.8299 4.59757 0
31620 -1.63606 1.95594 8.92251 1.96413 0
31621 -0.579597 3.16624 11.8601 3.35667 0
31622 -7.36205 2.02115 6.67371 2.23878 0
31623 2.96514 2.09899 12.4285 1.54202 0
31624 4.34841 2.99053 14.5136 2.65165 0
31625 -0.0639843 2.56416 9.76071 2.21348 0
31626 3.38766 3.10151 14.1038 2.50239 0
31627 9999 0 9999 0 4
31628 -2.67641 2.35164 9.90546 1.80595 0
31629 9999 0 9999 0 4
31630 0.69056 2.61119 11.8041 2.19363 0
31631 9999 0 9999 0 4
31632 -0.868135 1.7718 6.97305 1.36352 0
31633 -0.0146228 1.93527 10.5479 1.47486 0
31634 -2.83307 1.43318 9.95955 1.20139 0
31635 0.560223 1.40497 9.49845 1.10813 0
31636 3.45639 2.48771 12.817 2.74717 0
31637 -1.79295 2.78853 8.03384 2.50581 0
31638 -2.11547 1.84021 10.4221 1.3156 0
31639 1.21833 2.42886 11.5604 1.92581 0
31640 4.41066 1.57842 6.12116 1.43081 0
31641 -3.94238 2.21431 11.7765 1.79138 0
31642 -6.26977 1.51026 5.42564 1.92041 0
31643 3.15754 3.09761 14.1566 2.39247 0
31644 1.94376 2.20325 10.1182 1.71943 0
31645 -0.899911 1.74482 9.37181 1.30984 0
31646 2.5563 3.00443 10.8169 2.52938 0
31647 1.87084 2.20426 9.14608 1.81478 0
31648 10.5773 4.713 16.6191 4.79583 0
31649 1.96337 1.95707 12.0108 1.48671 0
31650 -0.0737197 2.38881 10.4405 1.68408 0
31651 -0.758527 1.80536 10.2188 1.52506 0
31652 -5.22585 1.61607 8.02168 1.2018 0
31653 0.382342 2.25735 11.175 1.86872 0
31654 0.628139 1.59179 10.9047 1.29684 0
31655 0.420282 2.22943 10.7069 1.71209 0
31656 -5.63678 2.04008 9.70502 1.69183 0
31657 3.03548 4.44417 11.8945 3.05806 0
31658 -3.97543 2.09547 11.6449 1.67682 0
31659 6.6246 4.3749 19.4527 3.74507 0
31660 -3.22993 2.87762 13.2785 2.39915 0
31661 1.92204 2.7424 9.53625 3.7796 0
31662 10.4369 5.78585 18.1505 4.35203 0
31663 2.72522 2.37387 11.3531 2.07537 0
31664 -2.31207 1.73172 8.80973 1.64988 0
31665 -0.729124 1.89518 10.7944 1.38006 0
31666 3.10902 1.97167 13.5258 1.73707 0
31667 -1.16714 2.02188 11.2445 1.59951 0
31668 0.101261 1.6452 10.1932 1.32519 0
31669 1.12002 2.06305 11.8152 1.65669 0
31670 3.64332 2.01706 12.3477 1.54135 0
31671 0.544025 1.69484 8.34754 1.32441 0
31672 6.86263 3.68594 12.6971 4.88747 0
31673 0.69739 1.40238 10.1808 1.13827 0
31674 -3.15171 2.71921 13.1082 2.66818 0
31675 -4.02262 3.1891 11.0981 2.42618 0
31676 9999 0 9999 0 2
31677 4.56117 1.82617 7.60926 1.41342 0
31678 9999 0 9999 0 2
31679 5.58841 2.79048 10.1878 2.40504 0
31680 3.75716 4.2243 13.5871 3.37087 0
31681 9999 0 9999 0 1
31682 9999 0 9999 0 1
31683 9999 0 9999 0 1
31684 9999 0 9999 0 1
31685 0.413065 3.69529 10.789 3.26342 0
31686 -1.66405 6.11523 16.6298 4.28578 0
31687 -2.82701 3.22513 15.5002 3.16141 0
31688 6.15579 5.2645 14.3274 4.81468 0
31689 13.9504 6.9696 25.7722 5.28608 0
31690 4.11148 1.59538 9.76495 1.23211 0
31691 -0.966422 3.37973 17.9158 2.95131 0
31692 0.160964 3.581 9.51012 2.79918 0
31693 9999 0 9999 0 1
31694 9999 0 9999 0 1
31695 9999 0 9999 0 1
31696 9999 0 9999 0 1
31697 9999 0 9999 0 1
31698 9999 0 9999 0 1
31699 9999 0 9999 0 1
31700 -0.579742 1.69222 9.93099 1.21939 0
31701 1.37115 1.92747 11.051 1.42444 0
31702 -5.55859 1.76439 9.6214 1.62516 0
31703 -0.665381 2.93685 12.187 2.19812 0
31704 -3.05516 1.38081 10.791 1.17871 0
31705 0.283191 2.03751 9.78908 1.84961 0
31706 -1.21992 3.29459 11.5392 2.4851 0
31707 -1.63179 1.96936 11.5581 1.93029 0
31708 1.30911 3.22048 14.3833 3.17899 0
31709 -0.118468 2.26636 12.2622 1.84426 0
31710 3.81552 2.42245 13.6158 1.94112 0
31711 5.99068 3.51736 17.0548 3.75875 0
31712 9999 0 9999 0 2
31713 -2.19316 2.75452 9.27066 2.17848 0
31714 9999 0 9999 0 2
31715 9999 0 9999 0 2
31716 9999 0 9999 0 2
31717 -1.64419 1.86854 12.2025 1.74902 0
31718 -1.07369 1.4527 9.74765 1.24268 0
31719 -0.200788 2.03429 12.0034 1.64446 0
31720 -0.51438 1.62134 8.52047 1.2282 0
31721 -0.341458 1.43029 9.91045 1.26292 0
31722 -0.410102 1.96446 8.15844 1.30469 0
31723 3.02067 4.10523 13.9832 3.68959 0
31724 -1.01639 2.61784 13.0049 2.02726 0
31725 -2.78203 2.2907 11.9523 1.92666 0
31726 3.29791 1.48479 10.6189 1.19566 0
31727 -4.26498 2.13013 9.1849 1.67723 0
31728 5.82926 4.20451 12.1 3.59612 0
31729 -0.424422 2.05153 12.4806 1.918 0
31730 -0.282256 1.98929 12.8399 1.65386 0
31731 -1.74139 2.10355 11.4708 1.9277 0
31732 0.425689 1.27506 11.4114 1.13478 0
31733 -0.795962 2.15353 12.0425 1.51745 0
31734 -2.57975 2.17462 12.4379 2.03551 0
31735 5.49729 1.85542 6.6836 2.26264 0
31736 0.71408 2.09551 12.5849 1.69832 0
31737 2.16622 1.39714 8.05474 1.08573 0
31738 -3.36431 2.72895 11.9063 2.36638 0
31739 0.635409 1.87545 12.1003 1.53195 0
31740 9999 0 9999 0 2
31741 -0.169432 3.0181 10.9982 1.92152 0
31742 -2.50441 2.70831 8.41324 2.54458 0
31743 4.506 3.13335 12.1237 2.64232 0
31744 10.1037 3.71598 14.5747 3.15363 0
31745 -2.06465 2.21283 12.381 1.77079 0
31746 4.66543 3.14234 14.6906 3.44657 0
31747 -2.67865 1.46076 9.37003 1.15002 0
31748 -3.41284 3.13978 11.1271 2.24879 0
31749 -0.970817 2.09199 10.131 1.82429 0
31750 3.18528 2.7164 11.5489 2.11061 0
31751 -1.30821 1.70896 11.5279 1.45961 0
31752 -1.56454 2.48477 13.5129 2.00786 0
31753 0.387204 1.9532 13.2748 1.78742 0
31754 -0.551546 1.69915 10.074 1.5576 0
31755 1.92401 1.54294 11.5972 1.20326 0
31756 -1.0434 2.08619 10.3955 1.64645 0
31757 -0.228314 2.25535 8.96878 1.87257 0
31758 7.0425 5.2837 18.3228 4.04315 0
31759 -2.81088 1.92897 11.5399 1.83316 0
31760 1.59007 2.91358 14.3644 2.71411 0
31761 9999 0 9999 0 2
31762 9999 0 9999 0 2
31763 1.57517 2.44815 10.4584 1.96927 0
31764 0.624147 3.05142 8.98004 2.23149 0
31765 9999 0 9999 0 4
31766 2.51283 1.96757 9.23563 1.37884 0
31767 -1.90997 3.7453 12.9012 2.57051 0
31768 2.78531 3.48992 9.94755 2.3911 0
31769 9999 0 9999 0 2
31770 -5.04979 3.75987 12.4912 2.57223 0
31771 -12.9273 5.02441 15.0997 4.61751 0
31772 -0.906017 3.60541 8.80117 3.15644 0
31773 -0.750814 2.54822 11.0126 2.20442 0
31774 9999 0 9999 0 4
31775 9999 0 9999 0 5
31776 9999 0 9999 0 4
31777 9999 0 9999 0 2
31778 9999 0 9999 0 2
31779 -1.25036 2.84842 11.0339 3.07795 0
31780 -1.08156 2.10581 12.6969 1.70365 0
31781 2.08929 2.9509 13.7427 3.02467 0
31782 -2.15419 1.71097 9.3906 1.31515 0
31783 1.29015 3.58584 11.6408 2.69758 0
31784 0.756792 2.34513 8.09844 1.80443 0
31785 -1.72362 2.16695 9.56085 1.89335 0
31786 -1.01271 2.92544 9.4119 1.8281 0
31787 -1.00255 4.18787 11.7799 5.03877 0
31788 9999 0 9999 0 2
31789 -5.54132 1.90978 7.44242 2.08422 0
31790 -5.66947 3.75817 8.55549 2.66362 0
31791 -1.95194 3.07718 13.5493 2.44309 0
31792 2.27707 2.79018 9.19775 2.00629 0
31793 -0.532721 2.03656 9.13469 1.66711 0
31794 -9.31851 8.00367 16.97 7.38986 0
31795 3.21898 1.76531 9.7165 1.28915 0
31796 1.3865 2.50126 12.042 2.08813 0
31797 2.19803 1.75072 11.4573 1.50066 0
31798 -3.79805 1.83869 12.7054 1.58126 0
31799 -0.460955 2.38314 11.5787 1.73077 0
31800 -3.2248 2.34874 13.2836 2.34648 0
31801 9999 0 9999 0 4
31802 9999 0 9999 0 5
31803 -1.66821 4.20096 13.2132 3.97643 0
31804 4.17023 3.81633 14.0127 4.41478 0
31805 9999 0 9999 0 4
31806 9999 0 9999 0 4
31807 9999 0 9999 0 4
31808 1.33842 1.45753 4.58596 1.76821 0
31809 -6.62045 3.56694 13.0637 2.59563 0
31810 2.59995 4.47607 10.7015 3.83884 0
31811 -8.53 2.40372 9.74536 2.45225 0
31812 -5.37364 3.48875 12.3856 3.30107 0
31813 -0.326793 2.30424 11.388 2.02844 0
31814 9999 0 9999 0 4
31815 2.6833 3.44036 11.8178 4.02809 0
31816 -1.58902 4.33492 16.9441 4.30835 0
31817 -2.26636 3.56958 9.13062 2.31816 0
31818 9999 0 9999 0 4
31819 -2.07325 4.36925 13.5485 4.22832 0
31820 4.5073 3.96532 16.0515 3.83206 0
31821 2.40198 2.20731 10.1087 1.72192 0
31822 -3.05671 2.95307 10.6118 2.24825 0
31823 9.34859 3.72713 13.2147 3.00291 0
31824 9999 0 9999 0 4
31825 -6.52412 3.13757 5.95696 2.20687 0
31826 -3.83329 1.98911 12.5352 2.2767 0
31827 2.1649 4.02105 14.2273 4.56623 0
31828 4.98622 4.51624 11.9131 3.74908 0
31829 -0.177704 3.94216 16.2066 3.01991 0
31830 -1.26551 2.14853 8.87454 2.12362 0
31831 -4.43275 3.16003 13.953 2.8157 0
31832 -0.866366 2.21715 13.288 1.84112 0
31833 9999 0 9999 0 2
31834 9999 0 9999 0 1
31835 9999 0 9999 0 2
31836 -4.96133 1.88008 5.38731 1.66616 0
31837 9999 0 9999 0 4
31838 9999 0 9999 0 4
31839 -1.21356 3.71644 9.7064 2.73191 0
31840 9999 0 9999 0 4
