1 0 0
2 0 0
3 0 0
4 0 0
5 0 0
6 0 0
7 0 0
8 0 0
9 0 0
10 0 0
11 0 0
12 0 0
13 0 0
14 0 0
15 0 0
16 0 0
17 0 0
18 0 0
19 0 0
20 0 0
21 0 0
22 0 0
23 0 0
24 0 0
25 0 0
26 0 0
27 0 0
28 0 0
29 0 0
30 0 0
31 0 0
32 0 0
33 0 0
34 0 0
35 0 0
36 0 0
37 0 0
38 0 0
39 0 0
40 0 0
41 0 0
42 0 0
43 0 0
44 0 0
45 0 0
46 0 0
47 0 0
48 0 0
49 0 0
50 0 0
51 0 0
52 0 0
53 0 0
54 0 0
55 0 0
56 0 0
57 0 0
58 0 0
59 0 0
60 0 0
61 0 0
62 0 0
63 0 0
64 0 0
65 0 0
66 0 0
67 0 0
68 0 0
69 0 0
70 0 0
71 0 0
72 0 0
73 0 0
74 0 0
75 0 0
76 0 0
77 0 0
78 0 0
79 0 0
80 0 0
81 38.1388 4.32231
82 -10 0
83 14.4754 4.72772
84 39.9589 4.21992
85 45.054 5.33132
86 -10 0
87 39.6942 4.55864
88 17.0125 3.26871
89 21.077 3.13393
90 31.6808 3.63926
91 14.4164 5.98785
92 17.7614 2.68239
93 19.5011 3.76766
94 -10 0
95 38.7113 5.09235
96 17.3153 2.97157
97 -10 0
98 29.8833 4.37045
99 -10 0
100 17.5136 3.04634
101 25.3842 2.41169
102 40.9875 4.51508
103 -10 0
104 12.681 3.58659
105 -10 0
106 19.8272 2.15341
107 -10 0
108 19.2424 2.79983
109 47.3311 5.29351
110 39.564 5.69924
111 -10 0
112 -10 0
113 17.9266 2.51601
114 14.4763 2.81826
115 37.4072 4.84722
116 13.7433 2.19153
117 -10 0
118 18.4734 2.32662
119 18.0943 3.08623
120 -10 0
121 -10 0
122 -10 0
123 13.4153 3.35705
124 19.8096 2.46069
125 -10 0
126 16.2432 3.1172
127 -10 0
128 14.6421 3.8285
129 13.1415 3.67832
130 -10 0
131 -10 0
132 20.7207 2.30945
133 32.2976 4.15189
134 13.4759 4.48053
135 -10 0
136 -10 0
137 19.8326 2.56401
138 16.9071 2.2136
139 20.9806 2.70187
140 16.3991 2.56438
141 28.3089 3.32435
142 -10 0
143 11.7533 4.15378
144 14.8295 2.52143
145 17.3147 3.01789
146 -10 0
147 14.7958 4.67351
148 18.2611 2.97788
149 -10 0
150 -10 0
151 26.4703 4.94643
152 19.349 3.27395
153 21.1323 2.80703
154 20.0847 2.71496
155 -10 0
156 29.1029 3.48657
157 26.4346 2.72509
158 -10 0
159 19.6478 2.25746
160 12.7022 4.69877
161 61.2525 5.69006
162 -10 0
163 76.198 6.88497
164 -5 0
165 62.4021 5.54206
166 17.8413 2.34606
167 30.4406 3.4762
168 27.4618 3.72837
169 37.0278 8.38325
170 28.5562 4.06798
171 35.8426 5.45077
172 50.4366 4.86987
173 50.1712 5.95489
174 35.7787 3.8461
175 54.486 6.28794
176 33.3534 4.29059
177 -10 0
178 17.3581 3.02009
179 -10 0
180 26.7098 3.04309
181 28.6885 4.18783
182 57.0522 7.01229
183 -10 0
184 16.4175 3.75691
185 20.2157 2.57536
186 21.104 2.812
187 38.8305 5.34342
188 56.2942 6.16653
189 48.9215 5.39543
190 37.4285 5.0474
191 30.6562 3.51759
192 -5 0
193 23.19 2.58551
194 50.3576 5.62792
195 44.6174 4.43725
196 56.0439 6.22013
197 47.3432 6.0702
198 26.9641 3.18392
199 27.7138 3.40873
200 10.9323 4.43136
201 31.4851 4.4091
202 37.7055 4.64734
203 33.6316 4.33742
204 37.3181 6.1256
205 20.0903 3.19481
206 33.5542 3.91263
207 -10 0
208 46.7912 5.21058
209 30.7875 4.22366
210 17.4952 3.31521
211 34.8421 3.74105
212 21.2209 3.0375
213 21.1104 2.62662
214 -10 0
215 21.0108 3.00045
216 34.9658 5.09279
217 52.8141 6.42698
218 41.1088 4.79596
219 13.8581 4.31924
220 25.1277 3.25376
221 38.3961 4.67663
222 68.1732 6.58711
223 52.194 5.82861
224 43.5085 4.20097
225 31.7164 4.17169
226 13.413 4.67213
227 19.3455 3.72755
228 32.6274 3.59425
229 30.9758 5.59034
230 44.5153 8.60304
231 12.0233 4.97442
232 31.4586 3.02807
233 19.4663 3.99482
234 30.1202 3.46321
235 24.4402 2.35719
236 31.6658 4.23474
237 34.3709 4.54623
238 17.5911 3.39634
239 40.1057 5.00648
240 34.5231 3.81636
241 -10 0
242 -10 0
243 43.3161 4.60399
244 18.1799 3.73154
245 21.5053 3.25796
246 34.5474 4.67752
247 35.559 5.61846
248 27.4569 4.38455
249 20.9929 6.90281
250 31.6683 4.11199
251 29.0229 15.4514
252 33.346 7.52843
253 40.3816 5.07986
254 49.1517 4.99276
255 50.7274 5.98687
256 68.8835 5.46845
257 40.5373 4.41316
258 23.8111 2.50446
259 59.1863 5.71617
260 42.0686 5.07769
261 49.9964 4.92454
262 41.8239 4.93701
263 69.4865 5.69612
264 24.0403 3.17198
265 61.8786 5.32158
266 39.0371 3.89933
267 33.8351 4.2232
268 48.3187 5.08953
269 13.1956 5.01238
270 55.0272 5.83257
271 31.7943 3.93038
272 -10 0
273 17.4442 2.3982
274 11.8649 1.78027
275 46.6774 4.60588
276 33.2687 4.13952
277 18.334 2.8992
278 30.0717 4.03983
279 15.562 3.00802
280 31.0995 4.56793
281 21.9647 2.68839
282 13.4621 2.10034
283 44.9436 5.40367
284 35.1576 4.64665
285 21.7761 2.17411
286 35.7358 4.49763
287 30.3137 5.6331
288 28.4547 4.30467
289 46.5888 4.59409
290 -10 0
291 -10 0
292 46.9639 5.74881
293 14.47 3.02719
294 -10 0
295 21.5798 3.11011
296 33.6662 4.99891
297 -10 0
298 32.3672 4.2958
299 18.3899 2.30186
300 10.3927 4.33758
301 -10 0
302 19.8573 2.35508
303 28.3748 3.35334
304 40.5986 4.66801
305 19.0401 3.15342
306 14.2658 6.08417
307 44.6513 5.17168
308 47.0323 5.2874
309 52.6676 6.34919
310 49.5821 5.9193
311 39.0812 5.00866
312 44.6573 5.55662
313 35.2161 4.35044
314 38.0218 7.81795
315 37.5161 5.31732
316 52.5985 5.69869
317 42.2286 5.63162
318 33.517 3.85551
319 45.7118 5.52809
320 14.4849 5.24379
321 46.6788 5.4615
322 44.5136 4.08189
323 27.0146 3.47451
324 34.9789 3.89193
325 -10 0
326 29.6835 3.89367
327 19.0823 3.23503
328 38.0894 5.34099
329 25.2748 3.38364
330 29.1353 5.35302
331 42.0254 5.42674
332 29.5792 4.34761
333 -10 0
334 24.4012 3.00539
335 43.546 5.51238
336 52.8246 5.54494
337 20.5262 3.66438
338 -10 0
339 35.4915 4.35823
340 30.047 4.10625
341 19.1208 6.02391
342 36.2466 5.53669
343 16.2503 3.64114
344 26.5567 7.87887
345 31.7195 5.54967
346 -10 0
347 35.9952 4.43371
348 28.9702 2.83571
349 33.1134 4.49625
350 27.6053 4.47247
351 54.9538 5.65191
352 -5 0
353 -10 0
354 18.0701 2.83928
355 9.32249 3.97279
356 35.4885 4.71585
357 34.9602 4.13053
358 41.3833 3.91358
359 20.5752 3.3018
360 24.4552 2.82488
361 42.1532 5.1616
362 30.0095 4.58027
363 28.3068 3.40757
364 22.8449 2.6931
365 15.6881 14.5216
366 46.0252 5.66216
367 36.0948 5.07022
368 -10 0
369 26.4429 2.53698
370 30.0582 3.95285
371 18.1838 2.97531
372 32.6533 3.47301
373 22.5985 2.50436
374 50.1859 5.85998
375 26.5452 3.06747
376 33.2037 5.19843
377 30.9392 4.40609
378 58.3012 5.1986
379 53.2704 5.29492
380 25.3057 3.01529
381 23.519 3.00523
382 40.345 4.72739
383 32.3318 5.06258
384 18.1831 3.01487
385 24.8671 2.62681
386 -10 0
387 -10 0
388 -10 0
389 20.6782 2.67947
390 20.153 7.77158
391 27.7788 3.6843
392 28.0176 3.40536
393 20.421 2.8835
394 20.3624 3.76652
395 56.955 5.00595
396 44.6403 6.09888
397 60.9513 6.31413
398 17.3452 3.01039
399 18.7294 2.41677
400 55.8127 5.39534
401 19.8715 2.46072
402 -10 0
403 13.131 8.03227
404 -10 0
405 -10 0
406 -10 0
407 31.5385 3.5886
408 -5 0
409 23.2942 2.56101
410 -5 0
411 -10 0
412 16.2803 4.12148
413 30.3365 3.99301
414 18.7177 14.7479
415 35.4608 6.17798
416 34.3895 3.99704
417 -10 0
418 35.3079 4.053
419 -10 0
420 -10 0
421 39.7951 4.58965
422 9.91864 13.955
423 14.4712 2.73296
424 15.5479 3.45041
425 22.3721 2.67579
426 13.9986 4.50496
427 15.5612 2.75782
428 18.0844 3.62545
429 -10 0
430 54.2726 5.4168
431 -10 0
432 -5 0
433 -10 0
434 21.8865 2.17598
435 46.7114 5.27895
436 11.9914 2.43908
437 -10 0
438 -10 0
439 -10 0
440 -10 0
441 11.4034 2.69781
442 12.1155 5.91489
443 14.4371 5.24081
444 18.1627 3.11802
445 -10 0
446 15.5231 3.59975
447 29.6542 3.79511
448 11.7325 6.38426
449 27.4839 3.89705
450 28.1084 3.46041
451 32.4596 4.19002
452 -10 0
453 -10 0
454 15.1134 3.57892
455 23.3634 2.94231
456 -10 0
457 16.7932 3.24653
458 17.3655 2.73783
459 12.7183 5.40799
460 29.5144 4.06363
461 28.7824 2.94521
462 37.1911 4.46767
463 8.75538 5.39169
464 25.5954 2.70447
465 16.1391 4.06048
466 41.0225 4.56709
467 30.7718 4.76151
468 11.6015 14.8844
469 -5 0
470 -5 0
471 29.4739 3.94651
472 23.9962 2.54981
473 -10 0
474 15.3132 6.87799
475 -5 0
476 22.9947 2.20997
477 -10 0
478 32.8189 15.0414
479 -10 0
480 37.7987 5.61493
481 16.5201 8.86695
482 32.8578 3.66424
483 13.1224 14.0739
484 27.8869 4.12877
485 -10 0
486 40.3155 4.64388
487 -10 0
488 22.803 3.36484
489 34.3661 5.23365
490 20.6082 2.84286
491 34.8277 8.79143
492 54.024 5.9768
493 39.6772 4.60708
494 42.3733 5.21972
495 -10 0
496 20.4887 6.93992
497 24.7926 2.60637
498 -10 0
499 34.1515 4.58065
500 34.8727 4.17204
501 -10 0
502 -10 0
503 -10 0
504 16.6743 2.92071
505 -10 0
506 -10 0
507 32.1425 5.07962
508 62.0654 5.39175
509 26.6183 2.6942
510 32.1658 5.21079
511 13.1857 13.7822
512 -10 0
513 28.3169 3.18821
514 47.1202 4.38156
515 38.3957 3.75314
516 24.3917 3.13202
517 36.5741 4.18487
518 21.6024 2.60997
519 24.4263 2.83257
520 20.6973 2.24093
521 42.8326 4.58354
522 46.5117 6.41097
523 49.2435 5.46359
524 19.4247 2.81463
525 17.4146 2.68126
526 -10 0
527 -10 0
528 15.3486 3.55818
529 18.2886 3.42489
530 40.7204 4.74891
531 -10 0
532 20.6946 2.33511
533 12.8993 3.38131
534 19.2682 2.88117
535 -10 0
536 -10 0
537 29.3705 3.87177
538 20.7684 2.34597
539 17.1246 2.86748
540 16.9667 3.52751
541 -10 0
542 21.6719 2.64538
543 12.713 3.13852
544 25.0927 2.41667
545 29.6153 3.38358
546 -10 0
547 -10 0
548 15.0841 4.06676
549 19.4509 4.03121
550 -10 0
551 -10 0
552 -10 0
553 -10 0
554 21.0243 2.61824
555 -10 0
556 25.9524 3.64269
557 -10 0
558 17.5165 2.27166
559 -10 0
560 22.7698 2.34637
561 15.2794 7.75248
562 -10 0
563 -5 0
564 -5 0
565 37.6347 4.8805
566 -5 0
567 11.9833 7.44644
568 29.2549 3.71551
569 9.877 14.9118
570 -10 0
571 -5 0
572 -10 0
573 -10 0
574 -5 0
575 13.4984 6.03357
576 24.7055 2.55802
577 -10 0
578 -10 0
579 24.3835 2.25479
580 22.5176 15.9142
581 -10 0
582 23.6102 8.61662
583 -10 0
584 26.6312 2.76255
585 -10 0
586 -10 0
587 19.7663 2.51085
588 17.6975 2.78814
589 28.5927 3.26221
590 -5 0
591 -5 0
592 -5 0
593 11.7478 3.29998
594 63.0899 5.31969
595 25.2684 2.97616
596 38.7058 4.23709
597 28.8968 3.99828
598 25.7483 4.23152
599 -10 0
600 -10 0
601 7.78201 14.1134
602 21.7721 2.28393
603 15.4304 5.1621
604 27.5532 3.50778
605 27.9106 3.79693
606 18.8522 3.35375
607 -10 0
608 -10 0
609 35.8882 3.67901
610 47.5711 4.97605
611 35.9426 5.57492
612 39.5262 4.74733
613 26.6864 4.4104
614 8.79545 6.6809
615 17.181 3.47994
616 28.9588 4.70809
617 -10 0
618 20.0161 2.14754
619 10.8497 3.39577
620 23.2262 2.67078
621 9.60002 3.72153
622 18.9137 3.22798
623 -10 0
624 24.4978 4.21414
625 30.9556 4.24331
626 72.733 5.41906
627 40.0626 5.08571
628 29.6453 4.56117
629 52.6558 5.54909
630 31.0544 3.75022
631 58.7378 5.46595
632 43.1987 3.58881
633 34.9951 6.30029
634 53.7279 5.41029
635 23.1261 2.82028
636 43.4924 5.35434
637 23.2323 2.76749
638 54.6903 5.4362
639 30.1516 4.01619
640 38.4806 5.48456
641 43.2374 5.97696
642 30.313 4.35522
643 26.0195 3.50992
644 29.0792 3.66011
645 46.1927 6.13706
646 28.0093 3.18806
647 -5 0
648 -10 0
649 -10 0
650 14.8681 4.46633
651 7.872 15.0268
652 -5 0
653 -10 0
654 39.7351 5.11276
655 36.5452 16.4301
656 25.3695 3.00208
657 -10 0
658 -10 0
659 0 0
660 24.8301 2.29388
661 32.8686 4.33394
662 -5 0
663 31.8306 4.03627
664 26.9954 3.30493
665 21.0418 3.2427
666 25.1242 2.61564
667 -10 0
668 -10 0
669 13.2792 6.71526
670 20.9624 2.80546
671 30.476 3.99494
672 -5 0
673 19.0555 2.92764
674 21.5341 2.39801
675 32.2978 7.50323
676 -10 0
677 26.7005 3.41782
678 12.9298 14.2981
679 -5 0
680 33.1737 4.36561
681 21.2384 2.87348
682 10.2093 6.66021
683 11.4327 14.1692
684 31.6216 3.85969
685 24.6755 2.60046
686 -10 0
687 18.8766 3.8484
688 19.1901 2.69574
689 30.8465 3.67603
690 23.5575 2.22706
691 26.1337 3.00018
692 24.1954 2.23873
693 -10 0
694 -10 0
695 15.7108 5.42928
696 19.5835 2.69579
697 -10 0
698 -10 0
699 15.6983 13.6451
700 28.0931 4.02548
701 23.1701 2.42024
702 -10 0
703 10.9265 13.3573
704 20.3237 1.85095
705 19.7585 2.62839
706 19.4914 2.48455
707 18.6006 2.08809
708 -5 0
709 -10 0
710 25.7884 3.00919
711 21.1708 2.79533
712 25.4136 2.91566
713 19.2836 2.66939
714 -10 0
715 -10 0
716 25.2416 2.89467
717 -5 0
718 -10 0
719 -10 0
720 12.2259 11.5559
721 13.9779 4.48785
722 19.6044 2.68241
723 23.4406 2.60634
724 19.2146 3.25766
725 -10 0
726 23.4226 3.21867
727 19.2462 3.01377
728 39.2305 5.12077
729 37.6103 4.89716
730 45.4432 6.25295
731 43.9056 5.30704
732 29.3859 4.17875
733 50.7453 6.67875
734 32.3682 3.30766
735 72.0504 5.73801
736 31.4649 4.10451
737 67.8369 5.56275
738 18.8944 2.69267
739 88.7925 6.08416
740 16.6037 2.74173
741 65.6729 7.85567
742 9.97064 3.66101
743 23.7836 3.22468
744 38.9291 5.76759
745 12.9188 2.90222
746 48.2565 4.92469
747 20.6416 2.6274
748 25.6956 3.62835
749 16.0194 2.61327
750 45.1913 4.63135
751 49.0459 5.55164
752 10.3354 5.65529
753 -10 0
754 12.5575 2.06205
755 29.095 3.31197
756 -10 0
757 27.3779 4.76978
758 -10 0
759 9.90356 4.60141
760 27.6066 4.19135
761 25.4019 2.9693
762 39.4474 4.80104
763 15.772 3.1541
764 10.716 3.42515
765 17.5263 2.59701
766 41.4191 5.73259
767 20.571 1.90016
768 36.2553 5.99024
769 28.2833 2.5652
770 -10 0
771 21.5063 2.37791
772 15.7356 5.40791
773 12.1345 5.39537
774 9.36747 6.4964
775 41.159 5.31532
776 31.4122 4.24921
777 25.6347 3.6701
778 45.1687 5.49852
779 -10 0
780 31.9902 3.99538
781 48.5432 5.97584
782 9.6264 4.94318
783 31.7904 4.16609
784 39.9521 4.14135
785 28.7645 13.715
786 42.1645 4.17442
787 -10 0
788 21.3012 2.66213
789 21.7097 3.95688
790 38.7226 4.33431
791 21.2678 3.37539
792 -10 0
793 39.9501 4.62256
794 -10 0
795 26.8171 2.54831
796 19.4336 3.03086
797 39.0685 5.35612
798 -10 0
799 -10 0
800 17.361 2.81278
801 44.1764 5.21422
802 19.7137 4.90847
803 43.8295 5.23862
804 37.1215 4.48514
805 26.3292 3.06164
806 20.1127 3.59615
807 41.6641 5.5969
808 25.0135 3.57339
809 39.2449 4.78558
810 44.8801 5.48334
811 43.5503 6.12958
812 68.6212 2.94124
813 44.0842 5.24769
814 61.5687 5.51922
815 47.3433 4.69342
816 96.4317 3.00476
817 25.466 3.82358
818 26.9804 3.95569
819 25.7322 2.78535
820 26.7206 15.0872
821 58.7475 5.07708
822 46.2705 4.66784
823 9.85904 4.59255
824 8.70429 14.3697
825 35.7832 6.27722
826 -10 0
827 20.8449 1.55556
828 48.6157 3.06844
829 71.0737 3.51392
830 41.4443 8.01284
831 0 0
832 0 0
833 -10 0
834 40.0837 4.24232
835 50.2229 4.63006
836 54.2115 5.61796
837 26.9136 3.32347
838 21.8401 13.7038
839 23.6787 3.43763
840 -10 0
841 75.9743 4.04603
842 38.4589 4.71519
843 26.4041 2.67412
844 15.0418 3.45203
845 20.0545 2.60733
846 20.6064 2.98726
847 19.3683 3.11845
848 28.0837 4.17944
849 26.3216 2.82105
850 -10 0
851 -10 0
852 16.2463 4.91954
853 13.0566 2.4947
854 29.0378 4.45801
855 22.6915 2.47036
856 14.4827 3.81073
857 26.2749 3.38039
858 38.2531 5.31113
859 10.0336 3.04789
860 34.1506 3.30396
861 19.4819 2.7062
862 15.6452 3.28803
863 39.5138 3.40963
864 15.6804 2.89276
865 0 0
866 -10 0
867 30.479 3.8145
868 18.9114 2.97209
869 -10 0
870 14.4937 6.7824
871 33.0028 4.68616
872 28.0561 3.84591
873 -10 0
874 -10 0
875 -10 0
876 30.836 4.39904
877 -10 0
878 41.6145 5.80784
879 12.9263 11.989
880 9.51187 14.8723
881 56.8918 3.33686
882 36.7753 2.48165
883 48.8128 4.18374
884 29.3233 10.0676
885 39.2526 3.18971
886 43.0693 5.79744
887 37.4211 2.38468
888 36.6092 3.36251
889 40.4142 8.09911
890 51.7892 3.88565
891 42.3134 11.8245
892 45.5896 4.7154
893 39.5113 3.01854
894 49.4078 2.6322
895 26.0895 18.9512
896 64.2922 8.01173
897 27.8723 3.41175
898 24.2662 4.5542
899 27.345 2.70953
900 23.9598 2.69927
901 34.6193 3.92525
902 30.2706 2.05078
903 30.2375 3.29245
904 50.4741 3.93263
905 27.7816 6.60677
906 22.794 2.51203
907 18.009 7.49908
908 49.2903 4.09518
909 41.4211 3.47535
910 48.012 5.39898
911 34.4069 2.0402
912 72.1966 5.44432
913 77.0662 3.85695
914 99.4936 6.64794
915 -10 0
916 97.933 2.01476
917 41.2071 5.15406
918 -10 0
919 13.9004 4.60743
920 25.1318 2.42656
921 88.9988 3.4352
922 35.1719 3.54127
923 31.7909 2.47362
924 20.9971 2.31578
925 33.4988 7.67568
926 15.0545 7.61351
927 72.4996 5.95791
928 11.9718 7.4448
929 82.8173 4.93312
930 37.2582 3.0624
931 35.6753 2.62023
932 104.203 2.31032
933 36.3345 4.72119
934 9.47834 14.7288
935 21.1911 2.08475
936 23.9132 7.49946
937 22.1631 4.50917
938 13.9676 2.32902
939 25.5528 1.94688
940 14.9416 2.63559
941 23.9745 2.09918
942 15.3226 2.42337
943 33.4675 3.99248
944 29.6688 2.51157
945 74.8543 4.40918
946 68.1417 3.62913
947 68.7949 7.63681
948 42.4067 4.35336
949 44.4363 4.07378
950 56.4522 4.40171
951 91.3293 3.56097
952 62.5287 5.3359
953 38.0007 14.911
954 83.7107 4.18455
955 86.356 7.07358
956 25.0528 10.5682
957 92.0253 1.89088
958 77.5033 2.27776
959 52.0011 4.52341
960 90.4494 4.93546
961 -10 0
962 20.1976 3.30149
963 -10 0
964 47.2612 5.91113
965 42.6487 4.21505
966 20.1646 3.48849
967 19.2249 3.22868
968 26.2001 3.20034
969 0 0
970 22.6434 1.996
971 10.2928 6.23659
972 8.714 14.7552
973 26.297 2.678
974 -10 0
975 23.0069 2.88195
976 0 0
977 48.0422 4.43886
978 46.8312 5.05951
979 41.8804 4.88201
980 47.3614 4.90372
981 53.8509 5.56392
982 41.5773 5.75946
983 20.0898 2.49302
984 17.0077 5.15535
985 26.5403 2.71648
986 51.735 4.42373
987 32.5098 4.12023
988 35.5537 4.10339
989 22.692 2.76369
990 30.2481 2.9861
991 23.9885 2.57251
992 10.1922 7.59091
993 -10 0
994 -10 0
995 53.0389 5.07448
996 64.2775 5.64052
997 -10 0
998 -5 0
999 -5 0
1000 -5 0
1001 55.5229 6.00113
1002 55.8963 6.60121
1003 64.7879 5.87264
1004 -10 0
1005 48.5512 5.31213
1006 36.7038 4.66548
1007 46.1075 5.44723
1008 40.4712 5.44555
1009 -10 0
1010 -10 0
1011 18.5984 2.91423
1012 -10 0
1013 -10 0
1014 -10 0
1015 -5 0
1016 -5 0
1017 -5 0
1018 -10 0
1019 -5 0
1020 -5 0
1021 68.2825 4.43131
1022 34.2172 4.45133
1023 69.6037 5.87275
1024 68.6886 2.29722
1025 -10 0
1026 -10 0
1027 -10 0
1028 35.5467 4.04641
1029 -10 0
1030 31.4301 4.91635
1031 19.2079 2.43256
1032 29.3603 2.33518
1033 39.6066 4.59904
1034 17.7289 2.91483
1035 -10 0
1036 36.4603 4.29276
1037 35.0293 4.12064
1038 57.3553 4.39906
1039 34.7598 3.60541
1040 16.2764 1.98956
1041 16.4851 3.49248
1042 0 0
1043 25.553 3.12145
1044 23.3824 2.627
1045 12.541 8.21433
1046 34.9275 4.74155
1047 16.5629 2.68097
1048 32.9159 4.07622
1049 34.1053 8.32831
1050 20.3892 2.34188
1051 16.4985 3.02497
1052 -10 0
1053 -10 0
1054 17.3318 2.56318
1055 8.98377 14.7463
1056 29.6568 3.97618
1057 76.902 7.25456
1058 43.5489 5.31642
1059 24.0176 3.25444
1060 26.9581 4.45887
1061 44.4452 4.5951
1062 17.5607 3.59768
1063 30.9942 3.49408
1064 27.1586 3.45263
1065 27.7646 5.019
1066 40.9502 4.62554
1067 62.2563 5.91355
1068 29.916 3.76255
1069 61.3644 4.85605
1070 57.1108 5.95311
1071 21.8914 13.4238
1072 -10 0
1073 46.1477 5.18203
1074 77.6054 5.79883
1075 45.4876 5.37954
1076 38.6407 4.08902
1077 41.3847 5.1112
1078 40.6916 4.92817
1079 43.9457 4.70564
1080 63.7822 14.9097
1081 26.9739 4.22953
1082 18.6461 1.95223
1083 60.5282 5.83436
1084 43.6725 5.01467
1085 58.733 5.43269
1086 35.0894 4.35057
1087 53.4732 4.32779
1088 26.8806 3.30665
1089 24.4221 2.58029
1090 63.1405 5.6549
1091 39.2084 4.42128
1092 -10 0
1093 16.25 2.90448
1094 38.022 3.61154
1095 60.7428 5.60103
1096 46.0315 4.32743
1097 47.5284 4.26982
1098 37.9312 5.22642
1099 40.1692 5.76307
1100 44.5759 4.30906
1101 39.2943 5.91636
1102 71.4066 2.73682
1103 48.7941 5.69935
1104 54.0785 5.52519
1105 15.959 6.49693
1106 36.1225 5.15392
1107 34.706 4.02491
1108 28.0463 2.2845
1109 -10 0
1110 48.2738 4.93047
1111 29.4808 3.09287
1112 -10 0
1113 -10 0
1114 63.1518 5.52763
1115 -10 0
1116 -10 0
1117 43.9209 5.41124
1118 74.4418 5.27932
1119 15.0802 3.29064
1120 32.7319 3.3277
1121 31.3078 5.41257
1122 55.9713 6.69917
1123 53.5084 4.88631
1124 69.8435 6.69455
1125 61.0013 5.12894
1126 50.7961 5.54158
1127 51.367 6.08581
1128 75.2223 3.72147
1129 33.5508 4.15043
1130 65.9738 5.38279
1131 39.1823 5.09
1132 80.3922 5.43774
1133 64.5004 5.66362
1134 44.5198 4.66994
1135 76.9283 6.76286
1136 41.8478 4.68421
1137 34.176 4.56979
1138 -10 0
1139 50.4313 6.11008
1140 35.9733 5.36392
1141 12.5931 15.3393
1142 37.9075 3.93917
1143 17.4103 3.88627
1144 40.884 5.0283
1145 43.5384 6.44468
1146 52.7684 5.73409
1147 57.6064 6.1186
1148 56.8626 5.76583
1149 55.9343 6.34446
1150 32.7919 4.21386
1151 35.1098 4.51992
1152 74.7827 2.96084
1153 -10 0
1154 -10 0
1155 -10 0
1156 59.8954 8.20313
1157 35.2244 5.60627
1158 23.2687 15.524
1159 33.2392 4.3051
1160 34.6997 5.16739
1161 37.6916 4.66161
1162 43.1169 5.90585
1163 57.6919 4.78377
1164 -10 0
1165 27.9087 3.88121
1166 20.829 3.2435
1167 40.1377 4.66201
1168 -10 0
1169 14.1057 5.27599
1170 -10 0
1171 24.8989 2.61043
1172 20.7281 2.63285
1173 11.405 15.3386
1174 19.2788 7.2525
1175 20.24 2.50527
1176 46.9429 5.25646
1177 24.1504 2.81784
1178 38.6436 4.63595
1179 24.6784 2.22702
1180 23.8347 2.89099
1181 14.7625 5.3987
1182 17.3613 14.0401
1183 35.1582 15.7702
1184 -10 0
1185 17.5433 2.70714
1186 22.4692 3.25471
1187 38.2588 4.38875
1188 46.8483 6.54269
1189 20.8795 3.21301
1190 55.5442 6.2139
1191 19.4719 2.82454
1192 47.7125 4.87791
1193 52.8091 5.3031
1194 66.4434 7.33625
1195 53.3315 4.81405
1196 75.7281 6.15608
1197 36.3056 4.41343
1198 46.8395 5.69951
1199 50.6204 4.83703
1200 66.4333 6.03322
1201 39.6636 4.89252
1202 -10 0
1203 22.928 2.99782
1204 -10 0
1205 46.9971 5.95066
1206 -10 0
1207 44.5121 6.00404
1208 19.9029 2.40843
1209 16.6435 4.78859
1210 -10 0
1211 15.94 3.73228
1212 21.8012 2.26193
1213 10.514 14.708
1214 40.0533 15.7666
1215 43.9199 4.41746
1216 46.8492 5.82235
1217 55.3162 5.53169
1218 27.6612 3.80843
1219 52.8128 8.7925
1220 13.9484 3.04602
1221 -10 0
1222 23.7158 3.24908
1223 43.4781 5.11924
1224 0 0
1225 37.6336 5.83648
1226 65.9922 5.52262
1227 18.5418 2.96647
1228 46.971 4.09516
1229 29.363 3.56499
1230 39.4512 5.96227
1231 27.0291 2.45554
1232 -10 0
1233 51.9709 4.34653
1234 67.8308 6.34253
1235 20.458 3.66783
1236 61.2562 5.22979
1237 32.1183 3.37122
1238 21.4446 3.13283
1239 24.4173 3.21375
1240 18.983 2.94983
1241 17.3801 2.3789
1242 13.6176 2.56513
1243 19.2807 3.05986
1244 23.124 2.34238
1245 41.9854 5.1541
1246 18.3312 2.42596
1247 47.9669 4.52998
1248 35.5412 3.94575
1249 21.2004 2.87277
1250 29.9252 4.04464
1251 19.412 3.69079
1252 47.0799 4.92889
1253 43.6133 4.90585
1254 55.6872 4.68716
1255 45.7201 5.69702
1256 60.2647 4.66622
1257 36.4821 3.78925
1258 74.3032 6.87324
1259 39.5903 3.84446
1260 52.5711 5.36298
1261 68.1335 5.81861
1262 52.885 5.13239
1263 56.9742 4.76863
1264 47.6975 5.66201
1265 38.6314 4.32906
1266 52.5201 4.73516
1267 29.5927 3.51195
1268 48.3432 6.26236
1269 51.8119 6.19327
1270 -10 0
1271 70.6844 7.16781
1272 16.0997 5.28648
1273 53.7468 4.95764
1274 25.1329 2.77475
1275 27.62 3.96233
1276 22.9247 3.06777
1277 41.1357 4.17514
1278 12.7412 15.2172
1279 30.7056 4.42894
1280 22.1599 2.86227
1281 32.9899 4.6746
1282 52.8424 5.43759
1283 38.2655 5.04483
1284 -10 0
1285 38.3396 4.20723
1286 34.892 4.81373
1287 37.6584 5.00341
1288 43.2012 5.06272
1289 -10 0
1290 30.0924 4.09378
1291 75.4998 6.55966
1292 48.7692 5.52684
1293 73.5866 15.767
1294 72.177 3.22348
1295 50.749 5.66712
1296 60.2153 5.23911
1297 12.8097 2.86091
1298 35.8708 4.1951
1299 10.8693 7.69344
1300 44.0802 5.24013
1301 27.3583 3.24314
1302 20.3438 2.44175
1303 21.1305 3.08232
1304 18.9565 2.75763
1305 36.2212 4.25271
1306 45.8409 4.84335
1307 77.9347 6.00866
1308 44.6781 4.50208
1309 73.686 12.492
1310 59.9748 7.08376
1311 55.4086 5.9373
1312 -10 0
1313 34.7522 4.53605
1314 38.4102 5.17136
1315 61.0415 5.58115
1316 43.8307 5.38746
1317 14.6918 3.25224
1318 14.0453 3.04964
1319 59.08 6.10596
1320 58.6171 5.70072
1321 37.5902 4.47125
1322 48.1559 4.20708
1323 76.6835 7.82409
1324 45.2977 4.64899
1325 30.1346 2.90388
1326 30.8112 4.37008
1327 40.5793 5.26974
1328 34.2054 3.38531
1329 43.4076 5.66505
1330 43.814 5.41276
1331 28.7602 2.40088
1332 23.7837 2.85833
1333 14.2064 3.88778
1334 52.4972 5.16334
1335 22.1066 3.48418
1336 39.6128 4.75588
1337 69.7806 5.62676
1338 33.5602 3.89386
1339 46.5856 5.42307
1340 57.987 5.25988
1341 49.7443 5.68203
1342 33.5714 4.17006
1343 45.118 4.57362
1344 45.7634 6.00036
1345 50.7963 5.66698
1346 58.6177 6.20846
1347 54.9434 5.87775
1348 60.2977 5.21017
1349 44.5214 5.29067
1350 49.3051 6.69334
1351 34.9342 4.63628
1352 34.516 4.80953
1353 56.981 4.41935
1354 21.5181 2.94431
1355 61.0506 6.00237
1356 22.8168 2.67911
1357 54.0544 6.74851
1358 26.2554 2.62676
1359 35.3038 4.88939
1360 49.7934 5.56774
1361 -10 0
1362 -10 0
1363 -10 0
1364 20.2105 3.97454
1365 17.1809 7.4633
1366 20.8208 13.8032
1367 -10 0
1368 -10 0
1369 31.0723 4.78133
1370 -10 0
1371 42.2058 6.39548
1372 20.2207 16.2176
1373 16.5682 7.99099
1374 25.7245 13.4013
1375 24.2538 4.18373
1376 38.0559 6.6772
1377 -10 0
1378 18.8736 2.33355
1379 -10 0
1380 37.1411 5.05669
1381 -10 0
1382 18.5548 2.54499
1383 41.7937 4.58284
1384 50.0734 4.62338
1385 12.6823 6.2436
1386 26.3288 3.17389
1387 -10 0
1388 15.516 2.69612
1389 -10 0
1390 -10 0
1391 -10 0
1392 -10 0
1393 66.8562 5.98517
1394 23.9112 3.54335
1395 45.2094 5.09386
1396 15.2407 2.03977
1397 21.7876 2.5927
1398 9.62089 3.59644
1399 24.8909 2.80344
1400 33.2921 3.73226
1401 -10 0
1402 -10 0
1403 21.0774 3.73093
1404 10.7961 6.98867
1405 15.9178 3.0021
1406 17.1191 2.44651
1407 -10 0
1408 21.3722 2.97749
1409 -10 0
1410 37.3867 5.11651
1411 31.35 4.00475
1412 -10 0
1413 47.4857 3.96283
1414 28.0142 3.47076
1415 30.5154 4.03924
1416 59.5837 5.86885
1417 33.6342 4.91936
1418 38.7338 6.32411
1419 30.7119 3.86354
1420 62.5673 5.20496
1421 62.2832 6.06838
1422 -10 0
1423 40.1253 4.99097
1424 63.9589 6.03393
1425 -10 0
1426 28.3154 5.2543
1427 23.5926 3.55554
1428 -10 0
1429 19.7428 3.31141
1430 24.5521 3.06261
1431 28.3725 5.58646
1432 34.5938 4.5012
1433 16.6726 5.55871
1434 20.5573 4.14861
1435 -10 0
1436 38.2879 4.65876
1437 -10 0
1438 35.5173 5.47618
1439 -10 0
1440 -10 0
1441 47.6623 5.52254
1442 24.304 3.89409
1443 29.937 7.40144
1444 -10 0
1445 17.746 2.96421
1446 -10 0
1447 39.6234 5.42531
1448 21.9732 2.41994
1449 -10 0
1450 -10 0
1451 12.4056 5.15591
1452 57.661 3.88464
1453 53.2154 4.14706
1454 37.0175 4.99912
1455 29.4043 3.7129
1456 26.1775 3.72108
1457 51.7046 2.31358
1458 65.4601 4.84578
1459 36.742 4.42381
1460 33.6056 4.1878
1461 36.6844 4.85738
1462 60.8232 7.45021
1463 27.3213 3.15972
1464 65.8292 5.60539
1465 28.91 2.80589
1466 19.8343 3.48358
1467 35.1668 3.81015
1468 47.1111 3.32062
1469 45.0194 4.98225
1470 55.6761 4.16198
1471 47.1814 5.21294
1472 15.3083 5.58979
1473 41.0078 4.92946
1474 60.3015 5.99067
1475 23.0671 2.69144
1476 39.5836 4.28748
1477 -10 0
1478 25.4044 3.2002
1479 16.1535 5.41934
1480 33.1697 3.96904
1481 41.2782 5.06588
1482 46.6163 6.98915
1483 48.1783 13.3327
1484 28.0898 3.152
1485 53.4374 4.45373
1486 14.7045 5.68915
1487 50.0309 5.21828
1488 69.2412 5.31438
1489 22.3974 6.82369
1490 37.2961 4.59407
1491 37.9486 5.22361
1492 31.4305 3.87311
1493 59.7625 4.81645
1494 41.9059 4.32576
1495 13.8804 6.24157
1496 52.1962 5.36506
1497 27.0126 2.58178
1498 33.045 3.18961
1499 47.8988 4.48622
1500 49.1053 6.50859
1501 54.4524 5.61245
1502 25.9319 1.64898
1503 16.744 4.69912
1504 60.9826 5.07696
1505 41.8668 4.77095
1506 19.6078 2.81559
1507 33.4441 4.20976
1508 15.4528 5.23761
1509 17.1893 3.24273
1510 11.8954 14.7866
1511 40.428 5.01636
1512 -10 0
1513 37.7465 4.28791
1514 -10 0
1515 -10 0
1516 44.6607 5.17314
1517 25.9802 3.538
1518 35.5102 4.72882
1519 -5 0
1520 40.6951 4.96164
1521 -10 0
1522 -5 0
1523 18.7128 2.2361
1524 -10 0
1525 21.9881 2.57221
1526 41.9387 5.10698
1527 36.8721 5.82859
1528 56.7053 5.41494
1529 46.6924 6.31406
1530 14.89 5.11812
1531 50.6882 6.15549
1532 17.02 3.75722
1533 13.8085 4.14071
1534 15.0655 3.47408
1535 20.1877 2.67442
1536 -10 0
1537 0 0
1538 -5 0
1539 -5 0
1540 -5 0
1541 -5 0
1542 -5 0
1543 29.7048 3.23657
1544 -5 0
1545 -5 0
1546 36.4118 5.42687
1547 -5 0
1548 24.9055 2.51957
1549 -10 0
1550 22.3464 2.91461
1551 26.7097 3.19794
1552 -5 0
1553 21.4454 7.30743
1554 57.2492 5.36181
1555 59.4377 5.47242
1556 59.0082 5.59598
1557 30.8575 4.31515
1558 60.787 5.48028
1559 29.5197 3.79842
1560 41.1065 4.08585
1561 43.2073 4.1147
1562 -5 0
1563 25.9123 2.65936
1564 -5 0
1565 18.4604 7.03574
1566 20.1122 2.86084
1567 32.7163 4.32255
1568 32.627 3.45175
1569 55.669 5.62135
1570 23.9009 2.28421
1571 58.4405 5.89125
1572 56.0367 5.46413
1573 69.4146 5.70989
1574 38.4804 4.88473
1575 50.4718 5.57528
1576 47.783 5.02933
1577 17.9916 3.24201
1578 42.897 4.76599
1579 54.5228 5.59496
1580 40.8204 5.15798
1581 40.1316 4.74782
1582 68.3773 6.11709
1583 59.3685 5.82641
1584 33.3803 4.13552
1585 25.5623 2.60739
1586 34.9482 4.71611
1587 33.0198 3.68909
1588 57.5332 5.98583
1589 -10 0
1590 38.5839 4.85217
1591 14.4743 2.64509
1592 -10 0
1593 -10 0
1594 44.0447 4.48416
1595 13.6301 3.9383
1596 47.578 4.85736
1597 35.9099 5.08823
1598 75.7677 7.46513
1599 18.9907 2.58417
1600 37.3013 4.74055
1601 52.2786 5.36619
1602 19.576 3.70146
1603 38.544 4.98247
1604 37.7739 5.66897
1605 33.1227 7.54197
1606 20.9671 2.6073
1607 52.0678 4.8707
1608 23.5958 2.68251
1609 19.8088 2.8732
1610 37.9588 5.3692
1611 47.3479 5.05159
1612 17.6767 2.45513
1613 28.5325 3.59353
1614 17.3777 3.42674
1615 28.5102 4.05416
1616 32.5852 3.28934
1617 53.4147 6.26036
1618 15.8867 2.06503
1619 55.2196 5.54679
1620 -10 0
1621 50.1835 4.87807
1622 -10 0
1623 43.4438 3.9224
1624 17.721 2.21906
1625 36.9966 5.32188
1626 43.3793 4.76472
1627 13.0963 2.32319
1628 17.9682 2.0092
1629 39.0204 3.64138
1630 52.1583 6.4456
1631 50.5386 6.14716
1632 -10 0
1633 66.0578 6.49958
1634 32.5041 4.09966
1635 45.4978 5.02966
1636 40.0972 4.32201
1637 61.7857 5.11199
1638 60.2887 5.09241
1639 47.843 4.75962
1640 47.8172 5.03112
1641 21.7004 2.31934
1642 26.5504 3.20217
1643 23.1642 2.86462
1644 10.3705 5.45166
1645 47.865 5.37135
1646 45.8973 4.45674
1647 78.4426 6.48459
1648 48.8366 5.95872
1649 47.1336 6.00179
1650 43.0879 6.62137
1651 27.4591 1.77979
1652 32.1928 3.96571
1653 69.9074 7.25764
1654 61.5608 6.84171
1655 44.5543 4.32102
1656 12.6186 3.04948
1657 48.2253 6.65305
1658 50.6146 4.91812
1659 76.9014 13.6093
1660 19.0248 2.97685
1661 56.4802 5.661
1662 59.2137 8.04906
1663 32.6883 5.07118
1664 47.4619 4.42968
1665 42.9116 4.56649
1666 29.1065 2.93171
1667 -10 0
1668 20.0292 2.82232
1669 -10 0
1670 15.3956 5.04671
1671 33.9992 4.55859
1672 60.9129 6.04077
1673 23.703 2.57977
1674 55.6765 5.29555
1675 45.738 5.5313
1676 53.0977 5.51194
1677 58.6802 6.07442
1678 54.3262 5.27809
1679 63.0164 5.13548
1680 45.5231 4.69283
1681 11.7674 15.9929
1682 -10 0
1683 64.5575 5.83495
1684 30.4955 4.68357
1685 32.7274 4.95162
1686 49.4896 5.79897
1687 59.9001 7.03211
1688 21.7284 2.71369
1689 13.9309 8.0079
1690 19.9224 1.96238
1691 -10 0
1692 12.7168 13.6835
1693 29.039 3.71379
1694 17.5323 3.35055
1695 -10 0
1696 -10 0
1697 -10 0
1698 50.5633 5.92182
1699 33.7288 3.95823
1700 41.5453 5.75421
1701 55.3252 6.3022
1702 74.6703 6.57846
1703 24.754 2.67275
1704 56.3795 6.59302
1705 61.3991 6.10624
1706 26.1935 7.02364
1707 75.3129 6.69587
1708 66.9328 4.40032
1709 43.301 1.46271
1710 12.8266 13.0736
1711 18.2947 4.50632
1712 -10 0
1713 50.0592 5.70231
1714 89.0667 7.1458
1715 79.2835 4.90598
1716 32.1798 3.48659
1717 55.1022 6.46202
1718 29.6639 4.22616
1719 25.5558 2.9133
1720 83.2839 7.01971
1721 46.9592 5.30317
1722 48.9875 5.35112
1723 59.7408 4.76883
1724 58.9316 5.58503
1725 23.1135 2.93288
1726 17.0623 3.7136
1727 12.0427 10.5963
1728 -5 0
1729 40.7745 3.94248
1730 53.4804 4.21064
1731 58.4624 4.78234
1732 38.7298 5.32723
1733 30.9447 3.34949
1734 48.5005 4.93056
1735 50.9984 5.7496
1736 34.1428 4.97765
1737 70.1825 3.61907
1738 23.3782 4.04225
1739 39.9524 4.92219
1740 45.6795 5.72057
1741 79.784 5.17454
1742 31.7624 4.86496
1743 64.6473 5.44845
1744 59.8181 5.09457
1745 72.1401 6.09904
1746 53.819 5.25469
1747 34.8579 4.30712
1748 20.8141 2.79263
1749 55.1099 4.8637
1750 68.0596 5.45692
1751 36.4992 3.81841
1752 69.011 5.71582
1753 67.3642 6.05196
1754 38.2239 4.34562
1755 17.1279 3.31525
1756 36.6419 5.31687
1757 23.2955 2.66196
1758 63.1477 8.84212
1759 28.7754 2.80129
1760 43.5883 5.24954
1761 14.5306 5.6787
1762 25.2625 3.06246
1763 -10 0
1764 45.9957 5.26541
1765 23.3606 5.66829
1766 24.3317 8.46074
1767 46.3371 5.9078
1768 -10 0
1769 16.2353 5.43337
1770 36.2864 16.0943
1771 49.2409 5.80936
1772 18.0129 4.27339
1773 16.9693 3.30196
1774 35.9116 4.87166
1775 -10 0
1776 -10 0
1777 -10 0
1778 39.0037 5.07824
1779 14.5563 3.21156
1780 52.7106 4.81814
1781 -10 0
1782 30.9155 4.25936
1783 46.1512 6.02865
1784 48.8807 4.76469
1785 28.186 3.43204
1786 20.5513 2.49986
1787 46.5861 5.1458
1788 50.0035 5.02397
1789 41.1833 5.25734
1790 40.1445 5.5884
1791 -10 0
1792 -10 0
1793 10.1443 4.36157
1794 10.4101 2.33222
1795 17.7551 1.38274
1796 17.5891 2.1565
1797 42.1299 3.90945
1798 18.2477 2.88688
1799 16.8156 2.47147
1800 -10 0
1801 61.6909 5.72346
1802 34.3053 3.99339
1803 66.6085 5.63677
1804 75.3593 4.6493
1805 19.6635 2.85424
1806 44.6274 6.05411
1807 18.2009 2.8814
1808 19.9412 3.07292
1809 29.0791 2.79866
1810 22.8695 8.73188
1811 39.0257 5.77565
1812 38.2967 4.64636
1813 29.4339 3.49893
1814 16.1772 3.21307
1815 -10 0
1816 10.0413 7.28389
1817 27.894 3.83629
1818 10.4169 2.44729
1819 -10 0
1820 16.2803 2.63615
1821 29.6968 3.61637
1822 21.2443 2.51311
1823 19.5433 2.43534
1824 18.7388 3.08708
1825 41.796 3.85809
1826 18.1625 3.84183
1827 13.277 5.36719
1828 15.1779 4.64319
1829 24.5843 2.87773
1830 -10 0
1831 -10 0
1832 -10 0
1833 47.7482 4.66544
1834 31.4836 3.43237
1835 22.8635 2.68844
1836 30.0304 4.07061
1837 19.9664 2.84372
1838 43.3126 5.79572
1839 66.5695 5.4828
1840 21.3743 2.91477
1841 0 0
1842 0 0
1843 0 0
1844 0 0
1845 0 0
1846 0 0
1847 0 0
1848 0 0
1849 0 0
1850 0 0
1851 0 0
1852 0 0
1853 0 0
1854 0 0
1855 0 0
1856 0 0
1857 0 0
1858 0 0
1859 0 0
1860 0 0
1861 0 0
1862 0 0
1863 0 0
1864 0 0
1865 0 0
1866 0 0
1867 0 0
1868 0 0
1869 0 0
1870 0 0
1871 0 0
1872 0 0
1873 0 0
1874 0 0
1875 0 0
1876 0 0
1877 0 0
1878 0 0
1879 0 0
1880 0 0
1881 0 0
1882 0 0
1883 0 0
1884 0 0
1885 0 0
1886 0 0
1887 0 0
1888 0 0
1889 0 0
1890 0 0
1891 0 0
1892 0 0
1893 0 0
1894 0 0
1895 0 0
1896 0 0
1897 0 0
1898 0 0
1899 0 0
1900 0 0
1901 0 0
1902 0 0
1903 0 0
1904 0 0
1905 0 0
1906 0 0
1907 0 0
1908 0 0
1909 0 0
1910 0 0
1911 0 0
1912 0 0
1913 0 0
1914 0 0
1915 0 0
1916 0 0
1917 0 0
1918 0 0
1919 0 0
1920 0 0

