1 0 0
2 0 0
3 0 0
4 0 0
5 0 0
6 0 0
7 0 0
8 0 0
9 0 0
10 0 0
11 0 0
12 0 0
13 0 0
14 0 0
15 0 0
16 0 0
17 0 0
18 0 0
19 0 0
20 0 0
21 0 0
22 0 0
23 0 0
24 0 0
25 0 0
26 0 0
27 0 0
28 0 0
29 0 0
30 0 0
31 0 0
32 0 0
33 0 0
34 0 0
35 0 0
36 0 0
37 0 0
38 0 0
39 0 0
40 0 0
41 0 0
42 0 0
43 0 0
44 0 0
45 0 0
46 0 0
47 0 0
48 0 0
49 0 0
50 0 0
51 0 0
52 0 0
53 0 0
54 0 0
55 0 0
56 0 0
57 0 0
58 0 0
59 0 0
60 0 0
61 0 0
62 0 0
63 0 0
64 0 0
65 0 0
66 0 0
67 0 0
68 0 0
69 0 0
70 0 0
71 0 0
72 0 0
73 0 0
74 0 0
75 0 0
76 0 0
77 0 0
78 0 0
79 0 0
80 0 0
81 73.2682 0.519862
82 35.9609 0.363396
83 51.8982 0.346294
84 73.49 0.578968
85 74.0519 0.389356
86 39.8217 0.368296
87 65.7035 0.476932
88 53.568 0.342276
89 55.0477 0.439985
90 67.6712 0.531654
91 50.0498 0.377471
92 51.4498 0.324569
93 53.4716 0.375503
94 36.0781 0.237625
95 78.1624 0.390167
96 48.2227 0.313598
97 45.3285 0.35081
98 72.366 0.442682
99 36.4236 0.281914
100 56.3527 0.382726
101 65.6618 6.373
102 75.1358 0.38866
103 36.7957 0.354248
104 45.6179 0.351977
105 41.9394 0.280813
106 64.4562 0.360965
107 35.3024 0.242221
108 53.3579 6.42508
109 73.0162 0.48868
110 79.275 0.536539
111 44.382 0.379696
112 -10 0
113 71.9466 0.469886
114 55.1258 0.378225
115 76.6988 0.534897
116 44.6931 0.28007
117 36.2307 0.338083
118 74.1498 0.487474
119 63.4795 0.490194
120 24.7577 0.224652
121 31.4974 0.224237
122 34.8622 0.355352
123 46.0579 0.398088
124 60.8139 0.435313
125 43.3968 0.29708
126 0 0
127 28.5432 0.180898
128 54.6442 0.427977
129 43.9664 0.299923
130 27.5327 0.192639
131 29.5886 0.189003
132 54.4376 0.50447
133 75.3413 0.462082
134 59.0366 0.41293
135 31.7631 0.210916
136 37.8674 0.351005
137 73.8439 0.500234
138 63.2019 0.458613
139 67.4259 0.524131
140 62.1095 0.464379
141 80.508 0.511666
142 36.1844 0.323757
143 52.6491 0.405507
144 61.8659 0.44563
145 45.285 0.358088
146 33.2158 0.226965
147 46.945 0.339395
148 51.913 0.431292
149 31.9003 0.245002
150 21.1142 0.15739
151 62.0953 0.504678
152 54.0962 0.385475
153 56.3546 0.471431
154 54.8849 0.398354
155 26.5051 0.215107
156 62.8859 0.618189
157 62.0423 0.399666
158 35.7309 0.244588
159 52.4565 0.385792
160 44.7114 0.314285
161 -10 0
162 40.6164 0.294603
163 47.4868 2.05828
164 33.4177 0.276473
165 58.8092 2.40994
166 56.5319 0.343458
167 70.6664 0.504314
168 66.2642 0.685607
169 72.7353 0.391026
170 67.5639 0.457741
171 73.5193 0.443423
172 94.0662 0.44449
173 75.0608 0.475948
174 74.1584 0.437783
175 83.6085 0.519991
176 72.7431 0.425421
177 48.44 0.399566
178 55.6969 0.362876
179 37.7103 0.318562
180 68.5956 0.578349
181 70.7678 0.458971
182 102.531 0.749956
183 48.1285 0.410753
184 51.4243 0.419807
185 59.3277 0.451536
186 59.7772 0.426784
187 71.5742 0.699707
188 99.6677 0.974779
189 101.989 0.479982
190 74.0775 0.329202
191 71.8191 0.613949
192 19.4996 0.156336
193 60.3106 0.510443
194 72.703 0.570227
195 102.35 0.487142
196 59.6766 1.71216
197 67.5495 0.497543
198 68.1052 0.478434
199 67.6546 0.494132
200 52.8551 0.306552
201 72.3527 0.540951
202 103.507 0.572515
203 72.5349 0.442206
204 74.2511 0.794514
205 52.6404 0.489246
206 71.7643 0.323414
207 47.9116 0.457034
208 59.7949 2.89467
209 69.0741 0.562405
210 55.3197 0.413197
211 74.0506 0.576054
212 60.8013 0.436803
213 58.8683 0.423025
214 35.9118 0.280855
215 58.4494 0.416096
216 74.1619 0.729419
217 74.5488 0.430106
218 76.7453 0.490495
219 49.7344 0.362838
220 62.9785 0.493171
221 70.4163 0.70132
222 84.4586 0.543661
223 104.312 0.511176
224 90.4687 0.286053
225 70.0838 0.454402
226 49.4969 0.378299
227 59.7124 0.380079
228 69.908 0.347202
229 67.407 0.462992
230 73.7069 0.446844
231 47.1842 0.37958
232 72.1053 0.55615
233 59.9023 0.398973
234 70.2232 0.488782
235 62.7848 0.429738
236 71.4321 0.52111
237 73.3638 0.568611
238 54.7423 0.431383
239 74.2478 0.502614
240 74.6161 0.481576
241 35.7694 0.273472
242 35.8847 0.270638
243 72.1782 0.559359
244 50.4528 0.35298
245 57.4327 0.423161
246 73.7273 0.577056
247 74.4641 0.630549
248 65.19 0.558384
249 57.1087 0.397462
250 69.696 0.544004
251 65.7249 0.811441
252 73.5141 0.469241
253 75.7093 0.512585
254 70.6565 0.713765
255 103.314 1.0424
256 -10 0
257 75.485 6.26192
258 64.5671 0.451996
259 88.5605 15.5454
260 124.704 0.612983
261 71.6448 0.70822
262 77.5101 0.339092
263 85.301 0.342267
264 72.9798 0.734097
265 60.9834 1.41837
266 100.539 0.464074
267 78.3261 0.572988
268 115.531 0.627693
269 42.9261 0.343656
270 69.4661 0.90314
271 70.5019 0.473146
272 15.548 0.216165
273 54.6887 0.431834
274 40.2042 0.272546
275 98.3047 0.441548
276 73.0058 0.381381
277 62.9685 0.426164
278 73.0349 0.974269
279 49.1491 0.401631
280 72.8404 0.370986
281 53.4189 0.437952
282 33.2838 0.274302
283 74.0539 0.735361
284 79.8645 0.552323
285 70.7884 0.515573
286 75.1616 0.518719
287 85.1713 0.555028
288 74.8181 0.536413
289 71.0989 0.669392
290 43.3659 0.329728
291 43.4092 0.279978
292 110.311 0.755909
293 58.7752 0.448681
294 38.5759 0.399767
295 63.142 0.466054
296 75.7479 0.592011
297 40.4584 0.319163
298 74.6656 15.1923
299 60.6734 0.451737
300 45.7175 0.367861
301 32.8002 0.249687
302 61.79 0.416242
303 75.0735 4.95758
304 76.1806 10.9172
305 50.4015 0.372426
306 49.0681 0.406132
307 88.6028 17.3612
308 71.5373 0.419725
309 71.4529 0.507607
310 68.8578 0.481643
311 73.6034 0.497054
312 70.0392 0.375501
313 72.1236 0.400426
314 73.0286 0.589681
315 74.0302 0.390316
316 89.6699 0.490287
317 109.325 0.824506
318 73.4998 0.510687
319 71.0178 0.598361
320 47.0619 0.424726
321 97.9535 0.425808
322 109.262 0.461527
323 65.9681 0.536627
324 75.4662 0.419643
325 41.1098 0.400656
326 68.7139 0.442088
327 57.0989 0.388219
328 120.262 15.0119
329 63.7607 0.509893
330 66.2752 0.376993
331 119.569 0.514377
332 70.4986 0.508737
333 49.4851 0.365308
334 64.7555 0.465363
335 99.2056 0.493932
336 70.9284 1.32611
337 55.2998 0.463794
338 35.9911 0.319797
339 75.1395 0.469115
340 68.0874 0.507462
341 54.4288 0.388426
342 74.5369 0.458193
343 47.327 0.379798
344 61.0292 0.589926
345 69.0816 0.650618
346 43.0561 0.383896
347 73.3709 0.537854
348 65.0104 0.771305
349 73.5786 0.520646
350 63.0879 0.543456
351 86.9538 1.59952
352 15.3874 0.266411
353 23.9516 0.167065
354 51.0797 0.325772
355 38.1141 13.5351
356 71.6205 0.524762
357 70.0292 0.631596
358 72.1942 0.528264
359 53.7776 0.369118
360 60.6566 0.467101
361 72.8512 0.635852
362 68.5082 0.626665
363 69.3544 0.517724
364 58.8541 0.430538
365 48.84 0.46731
366 103.179 0.378582
367 67.7482 0.340149
368 44.6398 0.339776
369 59.1699 0.496756
370 61.6274 0.59436
371 50.3676 0.382103
372 66.0713 0.714722
373 56.8611 0.42303
374 67.8781 0.394836
375 62.1094 0.423711
376 69.1743 0.504706
377 63.4497 0.468423
378 113.815 0.738666
379 101.461 0.924803
380 62.585 0.397694
381 58.5932 0.405931
382 72.8305 0.517464
383 68.6686 0.51966
384 50.7308 0.356113
385 58.6105 0.40472
386 35.8596 0.261772
387 38.1913 0.287737
388 43.2534 0.365397
389 56.0876 0.382054
390 54.6134 0.361144
391 61.6078 0.365777
392 65.6467 0.411379
393 54.2225 0.355768
394 55.36 0.417109
395 90.2612 0.411208
396 74 0.495499
397 58.574 0.804072
398 48.3643 0.369601
399 48.6834 0.400341
400 98.5188 0.514201
401 56.2424 0.411368
402 38.6334 0.304345
403 50.9151 0.416951
404 37.9437 0.321397
405 44.9628 0.359606
406 49.1899 0.381089
407 69.7148 0.464704
408 32.2895 0.255505
409 61.9853 0.433636
410 32.9326 0.260605
411 48.0502 0.432636
412 51.1543 0.453996
413 71.9995 0.587674
414 56.5602 0.394735
415 71.2459 0.366996
416 70.3323 0.581087
417 31.0972 0.183496
418 75.5798 0.487027
419 45.6645 0.309862
420 44.7691 0.269853
421 72.9335 0.560667
422 51.4816 0.385644
423 52.4669 0.400326
424 53.5007 0.385289
425 66.4931 0.457576
426 52.9584 0.393605
427 59.0042 0.424913
428 60.6333 0.419796
429 42.6124 0.372177
430 78.8515 0.19254
431 42.0937 6.82663
432 -10 0
433 48.5433 0.391373
434 63.5181 0.449358
435 96.3557 0.429109
436 46.5512 0.376793
437 38.07 0.208559
438 40.7031 0.323589
439 44.9711 0.324525
440 27.8983 0.183303
441 48.8368 0.363421
442 50.3444 0.345024
443 57.4419 0.408444
444 61.1054 0.460898
445 31.8939 0.229928
446 54.6593 0.485613
447 71.262 0.525452
448 54.3453 0.50528
449 64.5285 0.440846
450 63.7157 0.413563
451 72.8823 0.450274
452 43.3616 0.342383
453 45.5289 0.367943
454 56.834 0.370034
455 63.7623 0.462338
456 29.2416 0.221113
457 59.0064 0.448406
458 58.0644 0.455513
459 50.0931 0.436262
460 72.9754 0.481314
461 74.2604 0.500709
462 78.4537 0.469036
463 47.4002 0.360771
464 66.123 0.55285
465 50.5621 0.368091
466 75.1309 0.236034
467 68.8666 0.481933
468 47.6417 0.415867
469 34.0132 0.280105
470 28.8923 0.246358
471 68.0847 0.53264
472 59.8879 0.430559
473 40.7665 0.331847
474 50.466 0.328051
475 34.1758 0.242731
476 59.6473 0.505935
477 45.4214 0.327809
478 69.308 0.407975
479 43.7805 0.38683
480 73.0117 0.282297
481 50.5429 0.37431
482 70.4372 0.544942
483 45.6716 0.419771
484 68.9912 0.440861
485 38.7668 0.286427
486 100.982 0.593845
487 45.451 0.319053
488 58.7506 0.411287
489 70.2308 0.391046
490 58.1452 0.399836
491 73.3243 0.689482
492 108.507 0.763467
493 102.938 0.725522
494 73.8976 0.447036
495 42.8495 0.350125
496 56.1785 0.367662
497 65.0685 0.396592
498 37.3132 0.236252
499 73.7862 0.5463
500 73.2209 0.604282
501 25.7814 0.22618
502 47.1758 0.315139
503 30.6777 0.238605
504 54.2494 0.374162
505 22.6396 0.169838
506 42.2389 0.397362
507 73.4469 0.666274
508 87.738 0.407021
509 64.721 0.429323
510 71.6334 0.486724
511 48.071 0.405853
512 19.7005 0.15203
513 70.2501 0.404737
514 80.321 0.200217
515 72.9279 0.301634
516 66.8463 0.484429
517 67.6308 0.435627
518 64.4129 0.656259
519 64.0581 0.437427
520 63.5059 0.455532
521 73.3138 0.603147
522 74.3711 0.533149
523 83.6856 0.227924
524 52.8087 0.55372
525 57.9618 0.430352
526 36.0886 0.29202
527 45.1948 0.389592
528 57.8837 0.38934
529 53.1452 0.360426
530 71.8992 0.374185
531 -10 0
532 56.1586 0.431425
533 51.0009 0.393011
534 59.4247 0.468637
535 29.5922 0.201005
536 24.6891 0.209154
537 69.5648 0.502714
538 65.0712 0.422338
539 57.5831 0.406177
540 57.1256 6.3473
541 37.6363 0.279506
542 61.4206 0.415931
543 58.0925 0.430903
544 65.5999 0.468844
545 65.0308 0.408544
546 42.1118 0.350814
547 46.3961 0.443759
548 48.4055 0.60198
549 55.4895 0.440601
550 22.8759 0.231844
551 39.4308 0.390957
552 38.7068 0.288817
553 13.8925 0.459839
554 55.8749 0.398677
555 47.4048 0.314202
556 62.136 0.60211
557 41.9603 0.37213
558 53.2839 0.403102
559 40.1478 0.328717
560 58.8996 0.414282
561 52.2395 0.447247
562 36.9704 0.386238
563 28.9854 0.232318
564 32.1493 0.303148
565 72.1027 0.389113
566 28.075 0.220697
567 49.6667 0.45287
568 69.6459 0.441383
569 45.2506 0.352051
570 44.2135 0.427301
571 36.0855 0.258438
572 45.7931 0.413352
573 33.7474 0.2479
574 22.0151 0.209657
575 52.8276 0.374079
576 64.3117 0.51989
577 27.454 0.2491
578 46.2675 0.38376
579 66.4576 0.453666
580 58.8948 0.315102
581 47.6438 0.36769
582 59.0129 0.612075
583 44.6996 0.316652
584 63.1081 0.463533
585 46.9842 0.294317
586 46.2404 0.439839
587 55.6449 0.450895
588 52.7579 0.377436
589 66.6594 0.491885
590 31.0384 0.248003
591 21.4582 0.147764
592 -10 0
593 45.8274 0.335554
594 68.1256 1.49062
595 76.5155 0.670663
596 74.0349 0.856477
597 71.0628 0.607514
598 69.6337 0.800617
599 36.2433 0.295714
600 43.0742 0.381902
601 12.1686 0.349482
602 57.8799 0.462707
603 51.2059 6.33935
604 66.6393 0.622862
605 67.7268 0.399909
606 56.4475 0.432324
607 26.2216 0.226299
608 46.1729 0.390127
609 72.0854 0.566308
610 79.0487 0.186035
611 71.5665 0.302271
612 74.4493 0.5811
613 72.4858 0.628887
614 51.0272 0.410288
615 62.3096 0.381134
616 76.5492 0.52145
617 30.7097 0.310214
618 76.4158 0.458105
619 51.3863 0.413679
620 74.495 0.572908
621 43.8617 0.392373
622 67.9818 0.464362
623 47.5614 0.37013
624 74.2761 0.563097
625 66.8319 0.409665
626 76.1782 0.51965
627 70.5058 0.413982
628 68.1481 0.584574
629 62.416 0.669325
630 68.116 0.542168
631 66.1801 0.645995
632 73.3826 0.461672
633 73.2418 0.526739
634 105.542 0.518278
635 61.2729 0.465699
636 77.1077 0.52289
637 60.3645 0.47493
638 62.0647 0.659947
639 68.1831 0.507808
640 74.2952 0.394007
641 72.5901 0.795395
642 70.81 0.870926
643 65.7883 0.558047
644 69.643 0.461855
645 59.9157 0.672415
646 68.3927 0.527344
647 31.143 0.240837
648 40.8899 0.33896
649 52.2183 0.361649
650 53.2004 0.427965
651 42.6189 0.411439
652 35.2725 0.284021
653 46.3627 0.357043
654 70.7706 0.553522
655 72.3145 0.517931
656 63.2751 0.564388
657 43.7137 0.365554
658 41.9086 0.376176
659 -5 0
660 62.5388 0.387162
661 71.862 0.616856
662 24.7551 0.199147
663 70.3577 0.458972
664 68.371 0.851477
665 59.5055 0.427147
666 64.9842 0.412434
667 39.1705 0.306419
668 42.9831 7.1998
669 49.4928 0.397387
670 59.1066 0.413792
671 71.0487 0.602624
672 12.7078 0.643961
673 53.4075 0.351257
674 56.7429 0.443868
675 67.7504 0.497311
676 46.1703 0.349259
677 60.6041 0.405011
678 49.1565 0.437616
679 31.8466 0.283961
680 69.9493 0.520922
681 0 0
682 44.7956 0.42053
683 50.8079 0.434913
684 69.7566 0.982237
685 59.2617 0.599462
686 39.685 0.278372
687 56.5178 0.421344
688 54.413 0.470507
689 65.6828 0.760439
690 62.219 0.466233
691 63.5676 0.418698
692 59.2693 0.39775
693 35.7218 13.3795
694 41.5858 0.342211
695 52.1065 0.359552
696 55.1575 0.473961
697 39.294 0.378962
698 39.1291 0.28793
699 51.97 0.382065
700 64.1222 0.423906
701 58.992 0.588838
702 47.9914 0.36805
703 45.1094 0.359831
704 55.0198 0.365584
705 53.8767 0.395713
706 56.3108 0.392065
707 53.8638 0.360196
708 22.429 0.157146
709 39.6224 0.317178
710 64.3338 0.468681
711 55.8853 0.389806
712 61.1114 0.454462
713 53.8386 0.452361
714 48.0453 0.308003
715 40.1337 0.411222
716 62.933 0.440149
717 37.5073 0.254821
718 47.7662 0.383351
719 48.9493 0.379567
720 49.0504 0.36124
721 47.003 0.373482
722 57.9005 0.470501
723 63.1726 0.45227
724 56.198 0.410311
725 46.7021 0.362813
726 61.5879 0.491997
727 55.8026 0.4141
728 75.9304 0.601255
729 76.497 0.392483
730 73.7204 1.65533
731 105.1 0.82928
732 72.065 0.747861
733 104.534 0.65497
734 74.0503 0.596425
735 -10 0
736 70.5275 0.480478
737 100.667 0.603765
738 58.0311 0.475322
739 104.741 0.562031
740 61.9254 0.60005
741 92.6497 0.514121
742 40.5194 0.423217
743 73.2547 3.95086
744 125.792 0.449192
745 48.1286 0.394394
746 114.019 0.801892
747 73.3992 0.629382
748 70.3059 0.479711
749 44.4861 0.368277
750 120.269 0.541762
751 78.0884 0.506094
752 19.7873 0.172014
753 43.2474 0.310574
754 38.4415 0.308053
755 74.1088 0.524594
756 34.2863 0.294987
757 73.1884 0.568328
758 33.9427 0.303836
759 47.0355 0.339583
760 76.4899 0.562452
761 70.6571 0.652203
762 71.5526 0.539561
763 53.0657 0.467544
764 42.1771 0.395742
765 64.4833 0.472552
766 135.484 0.918059
767 86.1659 0.516539
768 90.5361 0.600482
769 61.4144 0.457477
770 42.2772 0.368756
771 55.5369 0.42134
772 51.6213 0.401024
773 47.6848 0.359609
774 49.8529 0.338736
775 79.2763 0.552704
776 79.1377 0.427633
777 74.1225 0.527642
778 77.9901 0.278074
779 37.4992 0.341109
780 79.4949 1.44781
781 74.7139 0.594481
782 45.0132 0.332194
783 78.3464 0.392371
784 78.8692 0.461793
785 63.1647 0.380738
786 70.3932 0.479202
787 43.2221 0.320954
788 57.572 0.430613
789 53.3766 0.449868
790 70.8253 0.553838
791 56.4556 0.388022
792 41.5989 0.363881
793 72.6031 0.354525
794 41.5589 0.350214
795 65.4848 0.492048
796 53.3836 0.40294
797 73.8478 0.370762
798 35.401 0.243382
799 21.2356 0.139965
800 53.7346 0.362113
801 62.81 0.654201
802 45.4191 0.408227
803 102.744 0.923996
804 73.8236 0.361385
805 65.0312 0.686695
806 50.9142 0.499885
807 74.4756 0.403391
808 58.696 0.711453
809 73.179 0.55201
810 70.0084 0.641829
811 68.2111 0.654958
812 92.6998 0.847048
813 69.617 0.573619
814 -10 0
815 71.4203 0.337209
816 65.4886 0.634037
817 63.353 0.433462
818 64.051 0.488985
819 65.1514 0.542828
820 65.3966 0.406427
821 57.5669 1.34336
822 95.5195 0.651735
823 34.053 0.257386
824 37.5267 0.259511
825 70.5397 0.35022
826 35.7469 0.320728
827 49.3705 5.4311
828 65.2544 0.447342
829 45.8741 0.333929
830 51.2517 0.504666
831 0 0
832 0 0
833 -10 0
834 74.6759 0.504502
835 76.7662 0.484964
836 103.843 0.560858
837 66.6183 0.834728
838 63.3139 0.473746
839 63.2719 1.06281
840 29.3599 0.285648
841 66.5627 1.93125
842 61.4689 0.402909
843 63.0918 0.503807
844 49.5445 0.366889
845 57.5995 0.412463
846 55.8505 0.432849
847 54.9913 0.455556
848 67.1012 0.528113
849 56.7337 0.510391
850 31.2604 0.22871
851 22.3405 0.151441
852 43.9157 0.367772
853 49.9945 0.424104
854 68.3426 0.451774
855 59.7782 0.44892
856 38.9805 6.47458
857 63.6915 0.483286
858 75.3205 0.427398
859 36.0834 0.249538
860 73.7692 0.5796
861 53.6408 0.419444
862 45.1205 0.287464
863 121.19 0.530606
864 48.886 0.376711
865 0 0
866 35.4134 0.253155
867 62.3691 0.644086
868 48.9583 0.392983
869 -10 0
870 45.3414 0.309735
871 66.9548 0.482555
872 63.3452 0.431999
873 36.8229 0.289896
874 35.8584 0.272414
875 34.5833 0.246583
876 65.4578 0.614644
877 29.2695 0.227274
878 74.3198 0.499152
879 42.7354 0.350095
880 -10 0
881 60.5634 0.405978
882 47.2156 0.392043
883 59.6764 0.386755
884 31.8674 0.222057
885 52.9523 0.382393
886 50.5152 0.407276
887 50.892 0.403078
888 42.6118 0.368543
889 64.3194 0.378794
890 69.3786 0.485105
891 63.7952 0.588898
892 26.5341 0.217368
893 30.5463 0.269289
894 58.9796 0.54241
895 24.5398 0.161089
896 52.882 0.366187
897 59.7778 0.405857
898 47.709 0.373898
899 59.1506 0.431322
900 48.1116 0.361553
901 65.0639 0.436707
902 55.4056 0.344451
903 54.9219 0.455872
904 75.1832 0.535133
905 52.8603 0.431448
906 41.6437 0.304106
907 18.7344 0.148225
908 47.0265 0.361518
909 30.1486 6.48211
910 63.6586 0.510339
911 36.2697 6.44901
912 -10 0
913 43.0326 0.276889
914 49.9653 0.374943
915 30.1476 0.249644
916 62.4039 0.361715
917 70.6242 0.452437
918 25.8137 0.167024
919 43.7034 0.271519
920 35.4993 0.276741
921 64.0186 0.439739
922 45.3139 0.289683
923 58.0802 0.446033
924 36.3766 0.262492
925 67.8699 0.480162
926 38.4412 0.228352
927 93.69 0.710786
928 30.6869 0.229088
929 56.7109 0.390997
930 28.8832 0.21169
931 44.4674 0.327398
932 32.1733 0.286688
933 69.7918 0.593834
934 27.5454 0.198946
935 32.9099 0.309596
936 44.4606 0.411179
937 22.2302 0.157208
938 22.8238 0.173236
939 36.83 0.254942
940 30.1629 0.208059
941 19.6338 0.151333
942 30.763 0.204475
943 56.092 0.292695
944 45.9714 0.346562
945 14.4169 0.433988
946 55.4718 0.421276
947 59.3521 0.467821
948 32.6802 0.2393
949 31.1133 0.246012
950 50.7707 0.387255
951 55.8313 0.396709
952 54.6806 0.393318
953 84.1637 0.66995
954 65.6412 0.404428
955 107.092 19.4306
956 -10 0
957 81.7011 0.503738
958 63.846 0.594005
959 -10 0
960 61.9546 0.708535
961 71.7063 0.506411
962 59.4669 0.445742
963 67.4916 0.632692
964 59.6391 0.54223
965 70.6624 0.505207
966 67.1772 0.525994
967 64.2303 0.42162
968 72.0644 0.85826
969 0 0
970 61.2671 0.729986
971 42.0289 0.293851
972 37.8741 0.249989
973 45.4521 0.369991
974 73.3853 0.575366
975 54.2241 0.408536
976 0 0
977 80.1554 0.441525
978 56.5955 0.399005
979 63.1497 0.423069
980 76.2001 0.547443
981 70.3819 0.346652
982 75.1335 0.522415
983 43.1923 0.380021
984 45.7435 0.357353
985 51.2537 0.445285
986 11.5452 0.316801
987 45.6483 0.379114
988 74.915 0.513166
989 74.1545 0.45844
990 73.5166 0.467392
991 103.817 0.615323
992 19.0767 0.144972
993 73.1824 0.53244
994 72.103 0.408732
995 72.6994 0.48622
996 37.8291 0.221032
997 37.4141 0.25584
998 39.2094 0.301339
999 58.817 0.420467
1000 46.8678 0.49525
1001 27.7429 0.222283
1002 53.3467 0.408764
1003 46.3223 0.323374
1004 25.0139 0.213829
1005 32.2585 0.270924
1006 67.5005 0.442606
1007 43.6274 0.323206
1008 97.0671 1.54322
1009 32.0413 8.00328
1010 30.741 0.250061
1011 22.4651 0.164148
1012 -10 0
1013 40.4289 0.350508
1014 30.1788 0.212182
1015 51.1148 0.385127
1016 76.2724 0.426432
1017 43.187 0.230576
1018 69.4609 0.561013
1019 56.7847 0.336687
1020 70.8885 0.391554
1021 73.8862 0.665657
1022 -10 0
1023 39.1488 0.254083
1024 73.7944 0.481804
1025 38.6566 0.27139
1026 37.3265 0.328982
1027 33.1787 0.215043
1028 25.5683 0.178765
1029 15.8434 0.242223
1030 47.0419 0.319782
1031 21.7714 0.157415
1032 28.7941 0.228417
1033 55.8708 0.43339
1034 97.3812 0.632202
1035 49.8025 0.416549
1036 55.279 0.407841
1037 62.8431 0.443599
1038 69.7309 0.371345
1039 83.6281 0.163385
1040 34.5435 0.246988
1041 51.7809 0.375236
1042 0 0
1043 63.6792 0.637108
1044 62.825 0.386911
1045 52.2876 0.451838
1046 75.314 0.580936
1047 55.8507 0.414775
1048 71.026 0.548316
1049 76.6119 0.482424
1050 62.4575 0.393728
1051 55.5361 0.381452
1052 37.5023 0.270382
1053 50.1595 0.447833
1054 57.3877 0.435087
1055 49.4851 0.329812
1056 69.4169 0.486986
1057 100.978 0.846866
1058 74.8726 0.396779
1059 78.5919 0.794723
1060 78.0725 0.569696
1061 73.087 0.916183
1062 66.1928 0.412088
1063 104.896 10.1452
1064 78.1211 0.66919
1065 123.285 0.634377
1066 122.846 0.592859
1067 112.505 0.516554
1068 79.5876 0.699238
1069 -10 0
1070 95.1671 0.661304
1071 63.7851 0.460062
1072 18.2043 0.139799
1073 67.5941 0.601137
1074 -10 0
1075 116.126 1.53918
1076 77.0561 0.34982
1077 90.013 0.293468
1078 86.6307 0.173115
1079 101.097 0.553317
1080 -10 0
1081 77.4965 0.4872
1082 21.4692 0.175655
1083 102.117 0.561853
1084 101.434 0.64594
1085 101.24 0.501761
1086 80.0578 0.415062
1087 70.771 0.767538
1088 84.3787 0.529555
1089 59.4664 0.452121
1090 -10 0
1091 75.132 0.320978
1092 31.2051 6.4644
1093 51.7767 6.52003
1094 77.2618 5.77322
1095 114.4 0.76495
1096 71.2643 0.562621
1097 71.0089 0.707322
1098 75.112 0.697871
1099 113.193 0.697037
1100 105.487 0.854537
1101 122.606 2.5021
1102 -10 0
1103 99.0806 0.459633
1104 115.022 0.487663
1105 47.0491 0.38964
1106 73.452 0.386731
1107 71.999 0.607128
1108 67.1571 0.422696
1109 41.62 0.312103
1110 85.7327 0.232938
1111 70.2008 0.520867
1112 52.4081 0.366059
1113 30.358 0.211752
1114 90.278 0.705561
1115 43.9376 0.318644
1116 36.5848 0.297108
1117 112.245 0.601454
1118 73.8907 0.789249
1119 47.7189 0.361838
1120 73.7491 0.641366
1121 69.8493 0.510591
1122 60.0765 0.446432
1123 74.2718 0.400327
1124 47.7301 0.401367
1125 78.6605 0.529478
1126 48.611 0.436647
1127 68.6077 0.577086
1128 76.9946 0.416574
1129 52.9162 0.413947
1130 78.2694 0.412793
1131 60.3429 0.515382
1132 69.6708 0.552031
1133 102.278 0.439373
1134 112.596 0.466824
1135 -10 0
1136 -10 0
1137 -10 0
1138 77.01 0.642045
1139 101.326 0.656007
1140 71.7491 0.561439
1141 76.7141 0.388995
1142 -10 0
1143 68.1798 0.170235
1144 67.8656 2.04182
1145 69.269 0.0717857
1146 107.5 1.17736
1147 -10 0
1148 78.2467 0.502512
1149 74.2817 0.593075
1150 73.2278 0.5864
1151 105.429 0.64365
1152 20.0415 0.180144
1153 73.1869 0.363222
1154 65.3448 1.24377
1155 -10 0
1156 65.2068 2.54756
1157 52.5788 0.342174
1158 45.7145 0.311113
1159 64.0575 0.54958
1160 58.0608 0.450524
1161 73.7799 0.578355
1162 76.8244 0.505046
1163 73.1615 0.380656
1164 76.106 0.438096
1165 76.2518 0.444803
1166 69.4652 0.514198
1167 72.7593 0.470616
1168 89.3756 0.741243
1169 72.61 0.394075
1170 63.5397 0.433942
1171 72.7884 0.388454
1172 75.8462 0.455336
1173 57.5258 0.380266
1174 62.4242 0.404208
1175 72.5362 0.479189
1176 69.017 0.505207
1177 61.2431 0.472418
1178 113.03 0.524829
1179 59.7579 0.433404
1180 88.8349 0.175893
1181 61.3132 0.203109
1182 72.0654 0.763359
1183 68.6343 0.563182
1184 87.952 0.669663
1185 51.9915 0.373018
1186 59.9101 0.41198
1187 61.0215 0.466944
1188 89.4786 0.739022
1189 62.8983 0.474768
1190 74.2687 0.486227
1191 67.0373 0.610752
1192 65.3535 0.653653
1193 52.9619 0.397909
1194 56.8255 0.467723
1195 69.7047 0.335036
1196 51.7409 0.355712
1197 38.3794 0.407057
1198 45.6207 0.343334
1199 44.109 0.330099
1200 86.4494 0.555874
1201 73.6348 0.521018
1202 51.0682 0.374002
1203 67.0552 0.401834
1204 46.2911 0.318908
1205 71.9273 1.12271
1206 38.2387 0.249447
1207 91.1685 0.279887
1208 65.2046 0.450499
1209 58.6746 0.433703
1210 46.2371 0.308622
1211 58.3347 0.43145
1212 65.5526 0.464095
1213 50.3562 0.37126
1214 70.9987 0.456398
1215 74.0483 0.444143
1216 115.629 0.478204
1217 76.0878 1.13119
1218 77.1227 0.493726
1219 -10 0
1220 60.1516 0.35441
1221 46.2081 0.377262
1222 72.6043 0.552211
1223 119.79 0.969927
1224 0 0
1225 93.793 0.215764
1226 94.6229 0.538059
1227 63.8801 0.50779
1228 73.0894 1.0517
1229 74.1697 0.788904
1230 77.6273 0.425058
1231 73.2295 0.611609
1232 20.7149 0.174471
1233 101.296 0.564034
1234 102.795 0.524545
1235 60.8934 0.432354
1236 103.722 2.0635
1237 73.4678 0.586975
1238 64.8314 0.506305
1239 68.6154 0.503918
1240 64.8871 0.437168
1241 51.715 0.364584
1242 49.3014 0.391835
1243 62.0239 0.377892
1244 74.1903 0.726202
1245 108.921 0.398745
1246 65.964 0.464057
1247 98.3405 0.66364
1248 106.893 0.98474
1249 65.1139 0.495767
1250 70.8767 0.405427
1251 60.6125 0.637125
1252 107.081 0.702627
1253 65.9903 1.63783
1254 74.065 0.253251
1255 69.8645 0.515714
1256 -10 0
1257 72.963 0.373121
1258 87.5333 1.62594
1259 73.1831 0.38094
1260 76.3468 0.275989
1261 93.6633 0.480173
1262 68.7066 0.657686
1263 106.958 0.708959
1264 102.221 0.856303
1265 73.8167 0.502562
1266 101.906 1.18562
1267 120.547 0.66041
1268 -10 0
1269 65.8282 1.22825
1270 62.724 0.556899
1271 73.194 0.536336
1272 60.5532 0.553139
1273 95.7055 0.694062
1274 69.4802 0.579061
1275 73.9452 0.7874
1276 68.5444 0.893148
1277 117.464 0.862947
1278 51.6262 0.400013
1279 74.3111 0.769166
1280 60.849 0.668371
1281 66.6065 0.616059
1282 81.1261 0.211252
1283 74.1226 0.588415
1284 12.4066 0.821636
1285 70.8582 0.72742
1286 71.0469 0.633002
1287 70.8278 0.740663
1288 72.2347 0.469473
1289 19.2334 0.177052
1290 65.8237 0.429691
1291 89.4076 0.723937
1292 65.9712 0.643082
1293 -10 0
1294 95.81 0.872604
1295 72.8903 0.555615
1296 101.501 15.9033
1297 58.4197 0.541239
1298 74.7701 0.466252
1299 56.2124 0.443699
1300 82.7833 0.179109
1301 72.6073 0.526946
1302 62.4068 0.372634
1303 76.0426 0.494244
1304 68.2746 0.411892
1305 73.3029 0.305116
1306 104.04 0.490554
1307 73.7886 3.03693
1308 77.3813 0.72835
1309 82.5206 0.704322
1310 108.238 0.570598
1311 -10 0
1312 23.5115 0.151616
1313 72.0001 0.546873
1314 79.3939 0.461322
1315 101.864 1.26604
1316 72.2236 0.537204
1317 59.6781 0.49928
1318 60.4298 0.468731
1319 80.7002 0.371307
1320 79.9187 0.257537
1321 72.3093 5.76423
1322 78.8302 0.541955
1323 77.9676 1.17934
1324 113.322 0.565706
1325 72.2637 0.409663
1326 76.6497 0.50789
1327 71.2952 0.849676
1328 77.5482 0.448048
1329 71.7943 0.669937
1330 74.8477 0.394795
1331 61.5569 0.486681
1332 58.9253 0.457664
1333 65.9851 0.531604
1334 61.854 0.550606
1335 64.2904 0.411633
1336 75.1336 0.420463
1337 90.1138 0.357002
1338 75.2195 0.478292
1339 98.705 0.578549
1340 99.9669 1.04193
1341 109.392 0.755988
1342 98.7385 0.655043
1343 68.9853 0.562929
1344 76.1155 0.395872
1345 106.424 0.502929
1346 49.6208 6.27439
1347 106.816 0.440646
1348 83.5053 1.24476
1349 76.3048 0.445599
1350 98.3752 0.822784
1351 70.5112 0.756996
1352 71.9159 0.505275
1353 55.9419 1.62896
1354 54.1699 0.386172
1355 -10 0
1356 57.1324 0.368921
1357 76.3798 0.193269
1358 60.9483 0.537182
1359 74.3942 0.579039
1360 64.1353 0.740317
1361 55.8094 0.301796
1362 74.6808 0.621037
1363 46.5242 0.355575
1364 58.4571 0.415647
1365 57.2435 0.437138
1366 60.3576 0.664939
1367 65.2262 0.451333
1368 69.3203 0.690586
1369 65.5278 0.473718
1370 71.5252 0.572849
1371 64.3488 0.421517
1372 92.1148 0.5678
1373 65.3064 0.689747
1374 73.9884 0.518284
1375 66.1232 2.12012
1376 73.8307 0.488423
1377 47.3697 0.330034
1378 65.1197 0.37401
1379 48.1657 0.353063
1380 75.5279 0.373918
1381 57.1592 0.425706
1382 64.1854 0.367051
1383 77.3268 6.20257
1384 105.741 0.418104
1385 61.2961 0.446556
1386 73.512 0.622107
1387 44.6298 0.328315
1388 51.7628 0.364627
1389 43.5462 0.286997
1390 56.3009 0.396308
1391 102.352 0.667483
1392 20.1211 0.152145
1393 66.1821 0.435562
1394 34.6904 0.260659
1395 71.5983 0.349001
1396 48.063 0.318446
1397 30.3474 0.228106
1398 27.5661 0.161851
1399 56.8645 0.345417
1400 20.609 0.193623
1401 36.3665 0.269442
1402 27.9432 13.7914
1403 65.2419 0.461577
1404 51.9311 6.50624
1405 63.2527 0.390212
1406 58.6087 0.337958
1407 55.0374 0.449725
1408 66.506 0.534576
1409 29.7878 0.236081
1410 59.2848 0.417087
1411 60.5426 0.42269
1412 31.4095 0.203737
1413 38.2951 0.273644
1414 64.4493 0.443973
1415 63.287 0.376792
1416 36.1417 0.247738
1417 71.5273 0.600467
1418 43.2365 0.28236
1419 62.6188 0.558942
1420 62.2697 0.408766
1421 59.8795 0.426305
1422 36.3572 0.243445
1423 69.5958 0.498248
1424 39.0876 0.345489
1425 28.6198 0.160624
1426 50.3046 0.4277
1427 51.5197 0.319434
1428 39.6963 0.259434
1429 48.0042 0.420255
1430 51.8187 0.343881
1431 55.8917 0.370084
1432 64.9309 0.580591
1433 47.824 0.354984
1434 52.2518 0.392612
1435 41.59 0.29808
1436 72.6442 0.655312
1437 42.7409 0.330691
1438 71.1095 0.592548
1439 14.6428 0.216466
1440 41.8281 0.359044
1441 64.6232 0.813926
1442 58.8496 0.536397
1443 71.4477 0.460969
1444 36.7738 0.331443
1445 53.6042 0.516327
1446 29.3374 0.295252
1447 116.176 0.780711
1448 57.7333 0.530794
1449 34.1262 0.267937
1450 34.0029 0.322809
1451 46.1591 0.399059
1452 94.1972 0.646896
1453 82.6745 10.0047
1454 117.598 0.681911
1455 67.1827 0.395964
1456 64.7241 0.509365
1457 69.7981 1.09562
1458 105.661 1.33663
1459 69.8328 1.33662
1460 63.7351 0.584912
1461 122.93 0.919619
1462 107.056 0.636608
1463 56.7754 0.624186
1464 64.3519 5.31231
1465 63.1261 0.61023
1466 48.102 0.312903
1467 66.6361 12.2127
1468 92.0687 10.2092
1469 115.715 0.544862
1470 97.8086 0.50854
1471 63.6265 15.6981
1472 25.6447 0.378673
1473 69.4736 0.480725
1474 71.7503 0.202097
1475 44.6725 0.559609
1476 66.4429 0.428964
1477 31.9154 0.339527
1478 52.4453 0.410415
1479 46.4858 0.351399
1480 64.1785 0.422034
1481 67.6792 0.604835
1482 122.262 0.421487
1483 113.957 0.461855
1484 61.7243 0.412586
1485 67.5007 0.716215
1486 40.6978 0.836795
1487 117.206 0.531787
1488 66.0268 0.887784
1489 55.9448 0.38894
1490 121.95 0.584072
1491 71.627 0.498624
1492 68.1511 0.630055
1493 64.9176 0.975646
1494 73.4817 0.516191
1495 42.9417 0.435421
1496 113.154 0.664947
1497 56.4929 0.462681
1498 63.5432 0.393767
1499 72.2642 0.663049
1500 118.841 1.47523
1501 63.3526 0.493367
1502 52.8288 0.526474
1503 42.471 0.452027
1504 93.2192 0.587188
1505 101.929 0.540513
1506 55.6913 0.486613
1507 69.9039 0.501965
1508 52.3375 0.392632
1509 53.2074 0.39488
1510 46.9496 0.358685
1511 69.7326 0.407717
1512 40.7532 0.268554
1513 69.1671 0.463997
1514 42.3297 0.380258
1515 41.5452 0.336177
1516 82.4522 0.14909
1517 54.7735 0.405524
1518 68.0901 0.47654
1519 17.2855 0.194235
1520 112.982 1.04479
1521 47.6009 0.388551
1522 34.5166 0.300342
1523 59.6323 0.402874
1524 46.3655 0.408458
1525 61.6345 0.441771
1526 74.118 0.500789
1527 71.5939 0.599315
1528 75.3898 0.260724
1529 66.7492 0.604079
1530 50.6189 0.381094
1531 101.795 0.521778
1532 53.9989 0.452658
1533 52.1337 0.33905
1534 54.0245 0.400087
1535 56.5922 0.390786
1536 -10 0
1537 16.551 15.1476
1538 15.0908 0.158957
1539 22.0692 0.139112
1540 22.4295 0.183076
1541 22.7972 0.148925
1542 38.9908 0.317097
1543 66.8034 0.662791
1544 32.2486 0.302884
1545 24.0807 0.162676
1546 75.8263 0.505692
1547 35.1584 6.10946
1548 63.1417 0.405665
1549 43.1094 0.381395
1550 61.9848 0.444818
1551 65.4112 0.784009
1552 -10 0
1553 66.6489 0.789596
1554 97.1365 0.527175
1555 77.6657 1.54345
1556 88.8299 0.430229
1557 66.9028 0.388463
1558 101.422 0.586038
1559 68.4766 1.00933
1560 72.0919 0.445735
1561 71.222 0.411781
1562 25.724 0.180479
1563 67.1255 0.594224
1564 35.3773 0.272262
1565 52.1773 0.433688
1566 56.1857 0.390172
1567 70.3512 0.530527
1568 72.7585 0.596322
1569 72.203 0.409053
1570 60.1133 0.459719
1571 -10 0
1572 75.4975 0.242888
1573 -10 0
1574 72.0107 0.788369
1575 68.2527 1.31224
1576 103.462 0.839421
1577 55.8211 0.491214
1578 99.736 0.37839
1579 67.036 1.07051
1580 76.437 0.577276
1581 118.542 0.988915
1582 -10 0
1583 74.2853 14.2998
1584 72.5208 0.393284
1585 63.6552 0.482186
1586 73.8663 0.535784
1587 68.4956 0.533147
1588 89.0661 1.60521
1589 -10 0
1590 74.4659 0.386395
1591 53.6388 0.37884
1592 38.4559 0.299418
1593 -10 0
1594 73.6987 0.680757
1595 54.2969 0.397962
1596 69.9153 0.57404
1597 68.9477 0.319018
1598 -10 0
1599 54.9639 0.382219
1600 73.1363 0.500976
1601 69.4951 0.859956
1602 57.5668 0.408451
1603 73.2181 0.422719
1604 76.3839 0.579639
1605 74.8251 1.07534
1606 57.0704 0.428425
1607 104.734 0.75082
1608 66.8687 0.46385
1609 58.5173 0.389869
1610 75.1769 0.56997
1611 99.4287 0.406235
1612 54.9494 0.391816
1613 71.8525 0.456271
1614 54.4759 0.388589
1615 68.2443 0.609877
1616 73.9554 0.503922
1617 117.747 1.6913
1618 63.8399 0.457917
1619 73.784 6.67839
1620 43.8901 0.349127
1621 102.385 0.577518
1622 46.8053 0.385113
1623 71.9791 0.611874
1624 68.268 0.462907
1625 82.0996 0.313247
1626 70.8452 0.571131
1627 50.9269 0.415028
1628 53.7852 0.408489
1629 77.9451 0.337386
1630 107.927 2.05106
1631 105.236 0.531147
1632 18.6121 0.124055
1633 62.4445 0.87777
1634 75.4237 0.433737
1635 72.343 0.387007
1636 76.0544 0.520162
1637 81.908 0.759961
1638 90.5784 19.3861
1639 65.1025 0.901017
1640 68.552 0.74007
1641 72.5302 0.485392
1642 87.1177 0.429856
1643 85.4798 0.443923
1644 50.418 0.474395
1645 87.0013 0.238041
1646 99.3624 0.677224
1647 104.384 2.05699
1648 101.824 0.409976
1649 64.9302 1.05438
1650 72.4552 0.783879
1651 68.2729 0.468473
1652 71.6691 0.370864
1653 107.117 0.520119
1654 55.2838 2.0779
1655 81.3868 0.223942
1656 57.8411 0.423893
1657 98.0813 0.538897
1658 94.717 0.406999
1659 76.213 6.06227
1660 63.6956 4.90809
1661 73.3358 0.628641
1662 101.007 0.792256
1663 76.4566 0.597631
1664 65.9463 4.60556
1665 73.7103 0.837295
1666 67.7519 0.431828
1667 46.0612 0.432332
1668 59.3549 0.414496
1669 44.5077 0.395575
1670 53.0518 0.407212
1671 69.4496 0.388605
1672 91.6952 0.945053
1673 59.9171 0.398635
1674 65.9401 0.866894
1675 114.392 0.589182
1676 89.7964 0.630593
1677 43.7224 4.23859
1678 97.8121 1.04889
1679 68.4197 1.20228
1680 70.9417 0.476356
1681 53.6231 0.401688
1682 49.6204 0.39991
1683 -10 0
1684 75.4707 0.419946
1685 74.7055 0.4466
1686 68.8898 0.618333
1687 -10 0
1688 63.2862 0.393704
1689 54.3186 0.440785
1690 59.9798 0.499577
1691 50.2856 0.376395
1692 55.7308 0.419602
1693 71.8041 0.636621
1694 59.587 0.428321
1695 42.2997 0.42495
1696 37.0744 0.247986
1697 45.0491 0.290367
1698 72.0796 0.592315
1699 78.6863 0.36846
1700 85.2191 0.243873
1701 67.7712 0.654383
1702 84.872 0.526358
1703 67.1138 0.47254
1704 59.3903 2.8501
1705 86.8177 0.434519
1706 65.4371 0.628717
1707 81.2137 0.545661
1708 48.8996 1.72097
1709 136.565 3.12071
1710 54.3414 0.422756
1711 60.8122 0.452583
1712 19.2022 0.149356
1713 66.0335 1.00073
1714 -10 0
1715 90.702 0.447255
1716 75.3045 0.648473
1717 -10 0
1718 78.1482 0.314429
1719 78.598 0.507994
1720 -10 0
1721 71.5648 0.544918
1722 61.4572 14.6956
1723 -10 0
1724 111.941 0.629574
1725 59.2056 0.389596
1726 34.5523 0.227733
1727 29.9727 0.210253
1728 23.9043 0.150475
1729 71.0503 0.515791
1730 117.334 0.562658
1731 90.698 0.495059
1732 76.1778 0.447565
1733 73.3565 0.324044
1734 82.4195 0.644709
1735 76.7366 0.654623
1736 73.5468 0.75196
1737 113.012 2.8035
1738 81.6368 0.601637
1739 114.349 0.478683
1740 110.398 0.776626
1741 80.1394 0.812497
1742 80.099 0.43293
1743 62.4059 0.900601
1744 92.1048 0.336026
1745 -10 0
1746 84.339 11.8677
1747 73.7983 0.577636
1748 61.0741 0.43982
1749 104.957 0.722798
1750 -10 0
1751 73.0637 0.414845
1752 80.9467 0.811165
1753 61.1667 1.48839
1754 70.3707 0.984126
1755 58.3292 0.40821
1756 96.2112 0.279493
1757 64.6782 0.407966
1758 94.4699 0.61403
1759 66.7063 0.435
1760 80.5034 1.31431
1761 54.5996 0.389065
1762 62.1433 0.524131
1763 50.7292 0.388653
1764 102.16 0.671201
1765 60.9866 0.442663
1766 63.5272 0.444993
1767 85.9435 0.165123
1768 46.2682 0.338359
1769 57.9122 0.424447
1770 115.83 0.467745
1771 83.3203 0.5856
1772 59.1699 0.451046
1773 55.1726 0.390762
1774 73.202 0.527766
1775 48.7494 0.347267
1776 47.3024 0.370198
1777 52.2224 0.362668
1778 104.392 0.420586
1779 65.8891 0.437073
1780 -10 0
1781 36.7038 0.314883
1782 85.3068 0.431296
1783 68.4475 0.714228
1784 108.325 0.830852
1785 73.1684 0.329626
1786 75.298 0.46998
1787 76.5963 0.597462
1788 69.9086 0.753273
1789 115.719 0.948427
1790 74.3455 0.514143
1791 34.9733 0.259129
1792 40.6451 0.343509
1793 49.079 0.371126
1794 43.6687 0.35277
1795 57.473 0.425012
1796 59.4279 0.493053
1797 99.3788 0.371934
1798 70.1205 0.508025
1799 74.2679 0.511451
1800 45.252 0.309254
1801 91.1184 0.799486
1802 103.432 0.780874
1803 88.6743 0.454804
1804 90.8693 0.77724
1805 72.7883 0.47272
1806 67.4325 0.918428
1807 80.221 0.609177
1808 71.3446 0.539835
1809 68.048 0.605987
1810 63.483 0.491491
1811 71.781 0.460841
1812 106.674 0.522916
1813 72.4164 15.492
1814 64.7229 0.451221
1815 50.5401 0.319413
1816 59.7422 0.439705
1817 78.3154 0.476464
1818 50.5958 0.515451
1819 42.1585 0.345633
1820 55.8278 0.419917
1821 80.4498 0.491741
1822 71.1896 0.622496
1823 69.7047 0.557102
1824 80.4198 0.568279
1825 71.9597 0.350073
1826 59.2295 0.394542
1827 50.1486 0.368795
1828 52.551 0.336638
1829 62.5603 0.419964
1830 44.3644 0.360946
1831 30.5204 0.186813
1832 45.6717 0.322844
1833 113.646 0.452874
1834 74.5963 0.667081
1835 62.9684 0.46442
1836 73.3796 0.453203
1837 56.672 0.462451
1838 73.117 0.411137
1839 83.5955 0.629377
1840 61.642 0.448108
1841 0 0
1842 0 0
1843 0 0
1844 0 0
1845 0 0
1846 0 0
1847 0 0
1848 0 0
1849 0 0
1850 0 0
1851 0 0
1852 0 0
1853 0 0
1854 0 0
1855 0 0
1856 0 0
1857 0 0
1858 0 0
1859 0 0
1860 0 0
1861 0 0
1862 0 0
1863 0 0
1864 0 0
1865 0 0
1866 0 0
1867 0 0
1868 0 0
1869 0 0
1870 0 0
1871 0 0
1872 0 0
1873 0 0
1874 0 0
1875 0 0
1876 0 0
1877 0 0
1878 0 0
1879 0 0
1880 0 0
1881 0 0
1882 0 0
1883 0 0
1884 0 0
1885 0 0
1886 0 0
1887 0 0
1888 0 0
1889 0 0
1890 0 0
1891 0 0
1892 0 0
1893 0 0
1894 0 0
1895 0 0
1896 0 0
1897 0 0
1898 0 0
1899 0 0
1900 0 0
1901 0 0
1902 0 0
1903 0 0
1904 0 0
1905 0 0
1906 0 0
1907 0 0
1908 0 0
1909 0 0
1910 0 0
1911 0 0
1912 0 0
1913 0 0
1914 0 0
1915 0 0
1916 0 0
1917 0 0
1918 0 0
1919 0 0
1920 0 0
total number of channels: 1920
Number of dead channels:  169
Number of onepeak channels:  52
