1 0 0
2 0 0
3 0 0
4 0 0
5 0 0
6 0 0
7 0 0
8 0 0
9 0 0
10 0 0
11 0 0
12 0 0
13 0 0
14 0 0
15 0 0
16 0 0
17 0 0
18 0 0
19 0 0
20 0 0
21 0 0
22 0 0
23 0 0
24 0 0
25 0 0
26 0 0
27 0 0
28 0 0
29 0 0
30 0 0
31 0 0
32 0 0
33 0 0
34 0 0
35 0 0
36 0 0
37 0 0
38 0 0
39 0 0
40 0 0
41 0 0
42 0 0
43 0 0
44 0 0
45 0 0
46 0 0
47 0 0
48 0 0
49 0 0
50 0 0
51 0 0
52 0 0
53 0 0
54 0 0
55 0 0
56 0 0
57 0 0
58 0 0
59 0 0
60 0 0
61 0 0
62 0 0
63 0 0
64 0 0
65 0 0
66 0 0
67 0 0
68 0 0
69 0 0
70 0 0
71 0 0
72 0 0
73 0 0
74 0 0
75 0 0
76 0 0
77 0 0
78 0 0
79 0 0
80 0 0
81 36.5664 6.79199
82 -10 0
83 -10 0
84 38.9736 5.30737
85 42.2819 6.23855
86 -10 0
87 38.2667 3.16876
88 16.5382 7.8231
89 19.7145 2.90424
90 31.0547 8.75827
91 12.41 13.675
92 16.3079 4.88211
93 17.7163 2.97013
94 -10 0
95 38.2375 5.61538
96 16.9396 7.30385
97 -10 0
98 30.7119 3.89539
99 -10 0
100 18.7026 2.59341
101 25.6216 2.89388
102 43.1144 4.42036
103 -10 0
104 14.3322 3.48332
105 -10 0
106 20.5746 2.34601
107 -10 0
108 21.3468 2.53081
109 48.3665 5.77366
110 39.9796 4.80385
111 -10 0
112 -10 0
113 20.1503 2.55609
114 15.8223 1.70475
115 40.7437 3.47226
116 16.0899 1.57673
117 -10 0
118 19.8965 2.74445
119 19.168 2.6874
120 -10 0
121 13.0156 1.75605
122 9.52923 2.79322
123 14.3294 2.80651
124 20.9005 2.43734
125 -10 0
126 0 0
127 -10 0
128 16.7313 3.23472
129 12.1606 4.18653
130 -10 0
131 -10 0
132 19.7566 3.0104
133 34.652 4.50716
134 14.6497 2.06992
135 -10 0
136 -10 0
137 22.1509 2.02502
138 17.375 3.06291
139 22.8191 3.62015
140 17.0875 2.34985
141 30.1074 3.19382
142 -10 0
143 13.2102 3.69846
144 15.7086 2.44279
145 15.5813 5.35856
146 -10 0
147 11.8712 6.83532
148 16.6773 3.07539
149 -10 0
150 -10 0
151 26.9497 2.46481
152 17.9735 3.32989
153 20.0985 2.71905
154 19.67 2.24944
155 -10 0
156 28.0272 3.63146
157 25.2225 2.43525
158 -10 0
159 19.1359 2.26699
160 11.7308 5.64234
161 64.1662 5.84053
162 -10 0
163 78.8865 14.3336
164 -5 0
165 61.4306 6.90451
166 16.9703 7.15518
167 30.198 4.20673
168 28.0063 3.32539
169 39.2522 6.03728
170 28.6766 4.78984
171 37.9924 4.6804
172 52.6001 5.6407
173 50.0731 4.78991
174 36.5003 5.10014
175 57.0046 5.39464
176 34.1253 4.91084
177 -10 0
178 16.9727 2.88132
179 -10 0
180 26.8871 3.20584
181 28.3845 3.80291
182 61.7572 5.82309
183 -10 0
184 16.0477 4.31343
185 20.6199 2.48794
186 21.4213 3.12668
187 40.4809 4.4271
188 59.9698 6.17318
189 51.7422 5.60797
190 38.1927 5.15097
191 32.214 3.73998
192 -5 0
193 24.1365 4.1232
194 54.0819 5.41234
195 46.0797 6.60139
196 61.0098 5.54747
197 50.5939 6.0686
198 27.4859 3.41899
199 28.3571 4.69717
200 11.3253 7.75482
201 32.7523 4.16581
202 39.3531 5.36705
203 34.9224 4.41261
204 38.2188 4.4119
205 18.0053 3.05475
206 34.5607 3.6819
207 -10 0
208 47.1467 5.34176
209 31.5333 5.56976
210 18.0949 3.78748
211 35.4273 4.74421
212 21.0925 2.4576
213 20.6833 2.92248
214 -10 0
215 22.2164 2.95184
216 37.5077 3.49609
217 55.6166 5.33478
218 41.6076 5.15556
219 14.4739 4.45258
220 27.0784 3.86871
221 39.2609 5.06168
222 73.7086 6.3114
223 55.6101 5.32302
224 45.5417 5.82753
225 31.5883 7.87997
226 13.0542 7.35207
227 20.8742 2.63514
228 32.7289 4.23384
229 30.1153 3.53934
230 45.3694 5.12673
231 11.3029 7.23163
232 32.137 5.13377
233 20.7489 3.17625
234 31.2726 4.84742
235 25.4253 3.46642
236 33.0089 4.97723
237 34.7554 4.43874
238 18.3275 3.09301
239 41.2289 4.1727
240 35.2127 4.36202
241 -10 0
242 -10 0
243 44.9169 5.68753
244 18.6757 3.62102
245 21.4697 2.50649
246 35.58 5.30553
247 36.8149 4.75145
248 28.9585 3.65418
249 21.4858 3.1781
250 31.7234 5.31341
251 29.3059 3.89278
252 34.9398 4.00304
253 41.4073 5.12453
254 50.2782 6.4077
255 51.9863 5.81933
256 71.1644 7.50452
257 43.8029 4.67316
258 23.4004 3.2343
259 61.5204 5.86003
260 44.8578 6.21497
261 56.922 6.60315
262 44.3265 5.31744
263 73.934 6.06987
264 24.1376 3.12363
265 69.8954 5.53533
266 39.8827 4.35998
267 37.3589 4.33642
268 50.8915 5.48662
269 11.783 8.15972
270 57.6454 5.30645
271 32.3959 4.37628
272 -10 0
273 17.6592 2.25624
274 14.0056 2.05492
275 50.2331 6.33482
276 36.1794 3.95688
277 19.5072 2.4291
278 30.4965 3.68256
279 16.48 3.17485
280 33.7895 4.4509
281 22.2289 2.48042
282 13.8233 1.5961
283 48.6153 7.20512
284 37.1243 4.05157
285 23.0452 2.85722
286 38.678 4.88453
287 32.549 4.29394
288 29.4047 4.17782
289 47.5445 4.71834
290 -10 0
291 -10 0
292 48.6626 6.04877
293 15.9138 1.8949
294 -10 0
295 23.8538 4.50903
296 36.1428 4.53613
297 10.7486 3.08769
298 33.8647 4.1525
299 20.1796 3.12869
300 11.2787 3.61737
301 -10 0
302 20.578 2.89217
303 30.9405 3.63727
304 41.7719 3.93061
305 19.2022 3.92077
306 13.6165 8.31868
307 46.2523 6.05406
308 49.5117 5.43114
309 53.2594 5.33546
310 50.4603 5.57891
311 39.9982 15.6556
312 45.5445 5.61059
313 36.1541 5.45677
314 38.9919 7.99501
315 38.0176 6.72946
316 53.5809 5.07306
317 42.6944 4.34499
318 33.5262 5.84108
319 45.4388 6.10495
320 14.323 13.5973
321 43.5257 6.04232
322 44.509 5.96203
323 27.2575 2.98454
324 35.9608 4.76542
325 -5 0
326 30.4374 4.4103
327 19.7862 3.24332
328 40.0403 4.41514
329 26.1671 3.16731
330 29.6073 4.523
331 44.003 5.18593
332 30.1931 4.06309
333 -10 0
334 25.5136 4.20591
335 44.7868 5.50177
336 55.7313 6.35603
337 17.5383 3.13718
338 -5 0
339 32.4479 5.8604
340 28.0613 2.71119
341 16.0016 4.28558
342 35.8144 5.92709
343 10.9584 13.9446
344 24.5864 2.5741
345 29.8752 4.33639
346 -10 0
347 35.8094 5.01866
348 27.0195 2.96875
349 34.8783 5.95246
350 27.0432 3.71539
351 57.8782 5.59557
352 -5 0
353 -5 0
354 12.4466 11.6666
355 -5 0
356 31.156 4.17211
357 30.5643 6.11553
358 37.9951 4.49684
359 18.2939 7.09084
360 21.4568 2.84544
361 40.772 4.41338
362 28.2747 4.98545
363 26.8932 3.59785
364 20.5052 2.85326
365 11.1 14.9467
366 46.1367 5.56188
367 35.115 5.13651
368 -10 0
369 23.251 2.7091
370 26.1326 6.85493
371 12.708 14.2183
372 28.4701 4.01959
373 19.454 2.95762
374 44.519 4.20479
375 24.8798 2.58042
376 30.6759 4.61828
377 27.7185 3.27091
378 54.9624 5.4776
379 47.3897 5.4524
380 23.2285 2.488
381 21.9279 2.34797
382 35.662 4.50239
383 29.2944 3.69136
384 15.169 5.54539
385 21.1511 1.97744
386 -10 0
387 -5 0
388 -10 0
389 17.896 4.14659
390 17.5376 2.81476
391 24.8373 2.43024
392 24.9964 3.09334
393 17.7126 3.9772
394 15.7076 4.36859
395 56.8742 5.95231
396 40.719 4.98697
397 58.8933 4.90847
398 -10 0
399 13.5045 17.0645
400 53.3215 5.0244
401 19.5768 2.52826
402 -5 0
403 12.7153 11.4915
404 -5 0
405 -10 0
406 -10 0
407 30.7726 6.24953
408 -5 0
409 23.0532 2.77549
410 -5 0
411 -10 0
412 16.6276 4.27091
413 31.3196 4.86612
414 18.5563 2.7584
415 36.5683 8.62184
416 36.2891 7.44925
417 -10 0
418 27.0801 3.91228
419 -10 0
420 -10 0
421 33.3069 4.99838
422 -10 0
423 -10 0
424 -10 0
425 -10 0
426 -10 0
427 -10 0
428 -10 0
429 -5 0
430 58.0129 5.3588
431 -10 0
432 -5 0
433 -10 0
434 -10 0
435 42.8779 15.4151
436 -10 0
437 -10 0
438 -10 0
439 -10 0
440 -10 0
441 -10 0
442 -10 0
443 -10 0
444 -10 0
445 -10 0
446 -10 0
447 22.3292 4.41037
448 -10 0
449 28.98 4.09944
450 28.2326 5.29052
451 33.5309 5.09159
452 -10 0
453 -10 0
454 -10 0
455 -10 0
456 -10 0
457 -10 0
458 -10 0
459 -10 0
460 19.7955 6.88348
461 18.6899 14.3585
462 37.0593 13.5231
463 -10 0
464 -10 0
465 17.0992 3.82413
466 42.5367 15.7097
467 29.9266 4.2093
468 -10 0
469 -5 0
470 -5 0
471 29.5201 3.83499
472 23.5862 2.52396
473 -10 0
474 15.6495 7.77493
475 -5 0
476 22.6708 2.25141
477 -5 0
478 33.6254 4.67873
479 -10 0
480 39.2201 4.28866
481 17.3878 7.38662
482 32.6061 4.94132
483 13.2805 15.4245
484 27.928 8.13572
485 -10 0
486 42.1005 5.29034
487 -10 0
488 22.0793 7.0356
489 35.8793 4.9177
490 20.558 13.3375
491 34.7597 5.70753
492 57.5694 6.36061
493 40.124 5.33605
494 44.4081 6.36998
495 -10 0
496 20.8159 3.28793
497 25.311 4.52359
498 -10 0
499 34.245 5.22453
500 35.6461 5.65687
501 -10 0
502 -10 0
503 -10 0
504 15.8215 3.43208
505 -10 0
506 -10 0
507 33.6 5.04399
508 63.696 13.0292
509 26.5616 3.28163
510 34.9979 8.3346
511 13.3437 4.98721
512 -10 0
513 26.8803 2.80516
514 48.8014 5.02689
515 39.2181 5.8861
516 24.8375 4.46581
517 37.4672 3.62946
518 21.6174 2.93569
519 26.0333 3.37394
520 21.2285 2.29225
521 43.3089 4.43041
522 47.0165 5.10951
523 52.3854 5.72687
524 19.0301 3.22022
525 16.3462 3.44955
526 -10 0
527 -10 0
528 15.6683 3.34735
529 18.6734 3.10838
530 41.424 4.69983
531 -5 0
532 20.8878 3.15466
533 11.984 6.10567
534 20.5134 2.53062
535 -10 0
536 -10 0
537 29.7659 3.84396
538 20.5805 3.06557
539 17.5849 3.44007
540 16.6672 2.57301
541 -10 0
542 21.2739 2.79805
543 13.1667 4.06784
544 24.9095 3.04532
545 29.1413 2.81746
546 11.5331 10.3978
547 -10 0
548 12.8645 14.8113
549 20.1149 2.49169
550 -5 0
551 -10 0
552 -10 0
553 -10 0
554 21.1473 7.35559
555 -10 0
556 24.6008 7.08763
557 -10 0
558 16.3172 7.87486
559 -10 0
560 22.9764 2.31973
561 14.5414 14.8102
562 -10 0
563 -5 0
564 -5 0
565 38.1795 9.02357
566 -5 0
567 -10 0
568 29.3119 3.12675
569 -10 0
570 -10 0
571 -5 0
572 -10 0
573 -5 0
574 -5 0
575 13.7001 4.57227
576 25.0494 2.6912
577 -10 0
578 12.3613 14.4917
579 24.4676 2.73671
580 23.7716 2.64134
581 -10 0
582 24.1268 2.5755
583 -10 0
584 27.6125 3.52688
585 -10 0
586 -10 0
587 19.9977 2.24189
588 18.7942 2.2183
589 27.335 4.20444
590 -5 0
591 -5 0
592 -5 0
593 9.98619 4.58806
594 62.2665 5.3098
595 26.0726 3.93151
596 39.6788 5.2449
597 28.2918 2.36119
598 26.1395 4.89374
599 -10 0
600 -10 0
601 -10 0
602 22.4775 2.26975
603 18.2164 2.74272
604 29.1673 3.56905
605 27.9921 3.93259
606 19.7666 2.14506
607 -10 0
608 -10 0
609 34.1998 4.30344
610 47.5881 5.38071
611 35.4659 5.50309
612 38.0233 5.98776
613 25.346 3.24288
614 8.79002 8.12376
615 17.5755 2.93724
616 29.244 3.46721
617 -10 0
618 20.9518 3.06809
619 10.1742 4.33508
620 23.9579 2.65736
621 -10 0
622 19.887 3.19582
623 -10 0
624 24.4289 2.78335
625 28.84 2.87152
626 77.9932 11.9439
627 39.1632 3.76982
628 29.0155 4.03223
629 57.4253 5.62762
630 29.3788 4.18356
631 61.2974 5.10378
632 40.6418 4.3019
633 35.2542 4.60828
634 55.863 4.71126
635 21.564 4.22553
636 41.595 5.04006
637 23.0402 2.48626
638 52.7985 5.55809
639 29.4855 3.96866
640 37.4271 5.37432
641 43.6605 4.83227
642 31.3842 4.42509
643 26.8143 2.80735
644 29.5506 4.41936
645 47.8981 6.06034
646 28.5469 4.48257
647 -5 0
648 -10 0
649 -10 0
650 15.0746 4.43425
651 -10 0
652 -5 0
653 -10 0
654 40.9181 5.39817
655 37.6606 4.24415
656 25.372 2.66274
657 -5 0
658 -5 0
659 -5 0
660 22.8003 2.63644
661 32.4013 6.14883
662 -5 0
663 31.3333 5.01665
664 25.2487 3.3654
665 20.6354 2.63157
666 24.282 2.5327
667 -5 0
668 -5 0
669 13.1559 15.96
670 19.3811 4.2089
671 30.6749 7.62666
672 -5 0
673 17.8119 3.70652
674 20.8842 3.60522
675 32.1757 4.42957
676 -10 0
677 26.4664 3.68894
678 12.0673 14.746
679 -5 0
680 32.9947 5.06123
681 0 0
682 -10 0
683 -10 0
684 29.6714 4.22114
685 24.0983 2.47214
686 -10 0
687 18.6357 4.37186
688 17.2145 15.5128
689 30.2402 4.57593
690 24.7048 2.35378
691 26.5953 3.41805
692 23.6538 3.36778
693 -5 0
694 -5 0
695 14.2578 14.7874
696 18.165 4.04638
697 -5 0
698 -10 0
699 15.3004 4.00401
700 27.1774 2.84517
701 22.8099 2.29358
702 -10 0
703 -10 0
704 18.2608 2.97864
705 19.4325 4.07032
706 19.7977 2.34709
707 19.2132 2.20996
708 -5 0
709 -10 0
710 27.4962 4.88985
711 21.6829 2.54808
712 26.604 3.42171
713 19.4455 2.73358
714 13.5335 14.7174
715 -10 0
716 26.4557 3.64353
717 -10 0
718 -10 0
719 12.444 14.3641
720 13.0988 8.06331
721 13.0601 5.88823
722 19.4848 7.09679
723 22.5685 2.62277
724 18.7271 3.85015
725 -10 0
726 23.2767 3.10756
727 18.7557 3.11062
728 38.9959 5.09564
729 38.139 4.30725
730 46.1855 5.06821
731 44.8534 5.58484
732 29.7744 5.13385
733 53.2689 6.2119
734 32.7048 3.65134
735 74.9117 5.72936
736 32.0355 4.69458
737 76.7019 6.20788
738 19.4008 2.85353
739 88.629 7.62607
740 17.0849 2.48686
741 83.4145 5.75236
742 9.98905 4.10169
743 25.6352 2.66775
744 39.4066 6.21659
745 12.6049 3.5923
746 52.8696 5.39685
747 21.3248 2.54462
748 24.8931 3.79702
749 15.5927 2.21093
750 46.029 5.92227
751 49.9097 5.4782
752 -10 0
753 -10 0
754 11.8043 1.6963
755 30.9338 3.4571
756 -10 0
757 27.7972 4.53753
758 -10 0
759 9.73605 7.28928
760 27.7888 3.4312
761 25.7104 3.67305
762 41.57 5.57076
763 15.6806 3.56237
764 10.9074 3.51885
765 17.7243 2.61617
766 44.6475 5.50971
767 22.293 3.09182
768 39.107 4.10951
769 27.4813 7.40082
770 -10 0
771 21.194 3.56775
772 14.3799 5.33384
773 12.8555 3.44296
774 9.49628 5.16168
775 42.5339 4.56824
776 32.4146 3.95341
777 27.3127 3.28053
778 47.2725 5.64772
779 -10 0
780 33.3459 3.44034
781 51.7645 4.47457
782 10.9998 7.08494
783 34.3395 3.51082
784 41.0774 5.1875
785 28.3531 3.57478
786 42.9375 5.53265
787 -10 0
788 21.6169 2.5083
789 20.9194 3.51316
790 40.11 5.20847
791 20.5888 2.49465
792 -10 0
793 40.6049 4.58023
794 -10 0
795 27.9469 3.62249
796 18.7094 3.7723
797 39.1696 4.72892
798 -10 0
799 -10 0
800 17.2435 3.31369
801 25.4173 3.31851
802 -10 0
803 39.9769 4.90914
804 35.4124 5.53505
805 24.9947 3.1627
806 15.8512 4.6815
807 40.3382 5.7664
808 23.0034 2.9619
809 38.9839 5.28953
810 45.3089 5.34166
811 42.2257 5.61241
812 56.7642 0.748394
813 42.7727 6.32839
814 63.6101 7.02945
815 44.5391 5.61639
816 56.8133 5.43785
817 24.9917 3.22936
818 25.1236 4.0049
819 25.2008 2.93745
820 25.0432 2.43543
821 61.1429 5.43758
822 47.8788 6.10281
823 -10 0
824 -10 0
825 36.3746 4.4045
826 -10 0
827 12.5777 6.34966
828 27.4831 4.21703
829 -10 0
830 18.6318 5.27129
831 0 0
832 0 0
833 -10 0
834 40.945 5.021
835 51.115 8.20048
836 47.1209 5.11145
837 26.0208 3.74808
838 20.2043 2.63889
839 23.4787 3.82221
840 -10 0
841 69.6615 5.91429
842 24.8445 2.64198
843 24.0472 3.1438
844 12.3098 4.9878
845 19.545 2.86031
846 18.8357 3.54696
847 17.9196 4.37296
848 28.361 3.16263
849 25.217 4.69457
850 -10 0
851 -5 0
852 13.2496 15.0752
853 11.0043 6.04699
854 26.3103 2.88878
855 21.406 2.59857
856 10.3216 6.44433
857 25.1703 3.30639
858 38.8155 4.80476
859 -10 0
860 32.5788 3.74242
861 17.0077 3.19741
862 13.9112 4.47074
863 40.3101 3.79765
864 13.7481 6.1133
865 0 0
866 -10 0
867 28.8994 4.67974
868 17.3975 3.38818
869 -5 0
870 -10 0
871 31.8603 4.84384
872 26.9146 3.51344
873 -10 0
874 -10 0
875 -10 0
876 30.7152 3.5728
877 -10 0
878 41.4203 4.23034
879 -10 0
880 -10 0
881 26.2937 3.95461
882 13.5973 14.2986
883 24.4069 2.57741
884 -10 0
885 18.568 3.07187
886 17.2964 3.99979
887 17.2468 3.44483
888 -10 0
889 28.602 16.0443
890 32.3479 4.84331
891 28.0499 3.41295
892 -10 0
893 -10 0
894 25.6094 8.35309
895 -5 0
896 18.092 3.56603
897 25.0668 2.667
898 15.8215 5.72259
899 23.6761 7.1356
900 16.853 2.78283
901 27.4988 3.22109
902 19.692 2.51002
903 20.0049 2.091
904 43.6634 4.80257
905 18.4356 2.58886
906 11.7966 7.27486
907 -10 0
908 22.2859 2.48639
909 -10 0
910 28.0224 15.4438
911 -10 0
912 -10 0
913 -10 0
914 20.1968 1.49522
915 13.701 2.61955
916 31.5893 4.56666
917 40.4181 4.26002
918 -10 0
919 -10 0
920 -10 0
921 31.237 3.75717
922 22.3882 2.39131
923 21.7347 2.04751
924 -10 0
925 33.7174 3.39068
926 -10 0
927 72.6738 13.3332
928 -10 0
929 22.4583 3.14651
930 -10 0
931 -10 0
932 -10 0
933 36.6506 4.39695
934 -10 0
935 -10 0
936 -10 0
937 -10 0
938 -10 0
939 -10 0
940 -10 0
941 -10 0
942 -10 0
943 21.4948 2.34117
944 12.9277 4.30592
945 -5 0
946 20.4901 3.51668
947 24.0102 2.4328
948 -10 0
949 -10 0
950 14.6167 5.64088
951 23.0172 1.81699
952 20.3076 3.13074
953 66.6998 3.79406
954 54.5993 5.21791
955 -10 0
956 -10 0
957 60.027 14.4986
958 74.8136 7.08204
959 -10 0
960 73.214 5.37945
961 32.8719 4.28609
962 21.6772 2.67381
963 30.2617 4.14229
964 24.6462 2.63254
965 30.4005 8.08829
966 28.7448 3.97406
967 23.8895 2.0624
968 29.9404 4.74233
969 0 0
970 24.5396 3.52529
971 -10 0
972 -10 0
973 9.40513 14.7455
974 36.7395 4.88284
975 18.635 3.17495
976 0 0
977 45.0543 5.75047
978 20.907 2.38729
979 20.1512 2.9659
980 26.667 4.78082
981 47.7071 4.44782
982 21.9145 3.24588
983 8.87778 4.14335
984 7.47771 14.6804
985 12.6664 4.26428
986 -10 0
987 7.35513 4.81515
988 29.2805 3.66558
989 46.7403 5.69014
990 41.6529 5.30513
991 49.2054 4.82153
992 15.3418 2.66604
993 40.9144 4.49525
994 65.3673 4.75993
995 39.8562 4.86098
996 10.3865 3.35989
997 -10 0
998 -10 0
999 20.6354 2.42596
1000 10.0757 8.23298
1001 12.5022 2.32493
1002 16.5759 2.11043
1003 9.21891 3.74694
1004 -10 0
1005 -10 0
1006 20.38 3.67615
1007 -10 0
1008 55.4161 5.68457
1009 -10 0
1010 -10 0
1011 -10 0
1012 -5 0
1013 -10 0
1014 -10 0
1015 10.3556 14.2637
1016 37.7758 4.11695
1017 -10 0
1018 33.2677 5.25631
1019 19.6719 2.71408
1020 30.414 3.4091
1021 42.5307 4.5281
1022 -5 0
1023 -10 0
1024 39.7174 4.89992
1025 -10 0
1026 -10 0
1027 -10 0
1028 -5 0
1029 -10 0
1030 15.2944 8.67199
1031 -10 0
1032 -10 0
1033 27.8079 3.94541
1034 62.0956 5.65026
1035 21.3314 2.56374
1036 25.9972 2.74298
1037 33.7981 5.21749
1038 42.4632 4.31436
1039 50.4944 5.9718
1040 12.0009 7.5101
1041 17.181 3.37329
1042 0 0
1043 28.0626 5.01678
1044 26.1805 3.05453
1045 14.2985 6.17898
1046 37.2863 4.38843
1047 17.4309 3.68859
1048 33.7729 5.93839
1049 37.0472 5.29716
1050 22.304 3.32038
1051 17.617 3.6592
1052 -10 0
1053 10.8783 14.9078
1054 18.2609 2.90219
1055 11.7445 6.5327
1056 30.7598 4.33009
1057 90.5605 7.0729
1058 46.5547 6.45662
1059 26.4884 3.22409
1060 29.7085 4.88849
1061 46.98 5.2829
1062 19.4812 2.74334
1063 35.0288 4.3521
1064 30.4984 4.24493
1065 30.1557 4.21638
1066 40.3642 4.75385
1067 66.7335 5.64705
1068 31.0544 4.2583
1069 66.6905 6.08591
1070 59.2057 6.10233
1071 23.5755 2.79703
1072 -10 0
1073 50.6438 6.1037
1074 84.4925 6.1927
1075 50.0103 6.16092
1076 43.0324 4.96658
1077 44.8393 5.25581
1078 43.0121 5.22251
1079 47.146 7.08243
1080 18.6335 10.5236
1081 29.1592 3.40158
1082 18.9007 1.69338
1083 67.2622 5.31689
1084 48.9036 5.07129
1085 63.4641 5.03148
1086 37.6942 4.79572
1087 64.211 5.37949
1088 29.5883 3.1481
1089 25.962 3.12762
1090 68.2783 5.83918
1091 39.8346 6.1381
1092 -10 0
1093 17.7404 3.60224
1094 39.5877 4.26751
1095 64.0256 6.1122
1096 51.4553 6.23051
1097 56.7362 4.49478
1098 41.5514 5.39441
1099 42.8732 5.77308
1100 46.9197 4.58808
1101 41.7435 17.7492
1102 2.93566 18.5351
1103 51.873 4.94087
1104 60.5711 4.46833
1105 16.8297 4.17198
1106 37.7984 15.543
1107 36.584 8.00614
1108 29.0255 3.0119
1109 -10 0
1110 49.5693 5.50604
1111 30.9317 4.33491
1112 12.6546 6.6574
1113 -10 0
1114 66.2222 7.48791
1115 -10 0
1116 -10 0
1117 44.9341 4.75113
1118 77.759 13.7887
1119 16.3727 2.73507
1120 33.346 4.96212
1121 30.8792 3.87961
1122 23.6666 2.90801
1123 45.8156 5.01379
1124 -10 0
1125 36.963 5.32252
1126 11.5073 11.5721
1127 56.2532 5.85325
1128 39.3601 5.04795
1129 14.8279 5.01509
1130 41.3797 5.20027
1131 20.9341 3.15085
1132 44.5715 5.70378
1133 46.2241 5.89899
1134 60.0459 4.96795
1135 68.0685 5.76525
1136 63.7845 7.78519
1137 65.214 6.23917
1138 57.6143 6.27285
1139 56.2776 7.96018
1140 76.9078 14.5932
1141 35.2573 4.65232
1142 72.4789 7.88147
1143 40.7032 4.69752
1144 82.1497 1.78041
1145 73.0141 7.1676
1146 46.2513 5.66516
1147 82.9983 14.8437
1148 41.2715 5.07048
1149 41.5812 4.50924
1150 46.6718 5.65082
1151 63.4513 5.57345
1152 -10 0
1153 39.035 5.19594
1154 50.547 5.4546
1155 54.3101 6.17161
1156 71.3565 6.94915
1157 14.8768 5.53387
1158 -10 0
1159 25.7355 3.30144
1160 20.2047 3.00734
1161 60.2147 4.89243
1162 32.9673 4.6863
1163 37.444 4.50604
1164 80.842 5.49598
1165 29.7001 4.8593
1166 65.8231 5.40119
1167 56.101 5.24281
1168 78.9125 6.56182
1169 37.4222 4.24524
1170 25.2415 3.39246
1171 35.1018 4.97636
1172 36.5925 4.72369
1173 18.4735 3.17143
1174 22.4349 3.20885
1175 40.9636 4.96084
1176 50.6354 6.1645
1177 21.2215 3.5166
1178 58.6778 6.31306
1179 19.4422 2.70844
1180 50.9011 6.26819
1181 55.9154 5.46005
1182 72.4242 14.2022
1183 56.7331 5.56245
1184 71.3742 16.3878
1185 12.9768 13.4983
1186 20.9276 2.73622
1187 20.3499 3.22172
1188 49.6526 5.50728
1189 26.2024 3.19638
1190 40.9176 5.47558
1191 25.8704 3.79209
1192 24.4932 3.19691
1193 14.1114 13.2606
1194 17.4649 3.97873
1195 36.949 5.61956
1196 -10 0
1197 -10 0
1198 -10 0
1199 -10 0
1200 65.2654 14.0045
1201 46.013 5.61969
1202 12.0516 15.1921
1203 25.7408 3.98924
1204 -10 0
1205 51.3439 5.51518
1206 -10 0
1207 49.123 6.27775
1208 23.9273 2.83233
1209 18.7173 3.19273
1210 -10 0
1211 18.5565 3.15027
1212 25.475 2.94036
1213 12.5359 14.0441
1214 45.8126 5.45275
1215 48.7825 5.76259
1216 55.6743 5.45221
1217 64.6583 5.31806
1218 29.55 3.60782
1219 58.9244 7.55731
1220 14.1979 2.9778
1221 -10 0
1222 25.7439 3.85827
1223 49.1372 5.81611
1224 0 0
1225 40.4397 4.67325
1226 74.7118 6.40132
1227 20.0972 2.64928
1228 49.9178 4.4013
1229 33.4092 5.85342
1230 45.2169 4.48303
1231 31.5109 4.51526
1232 -10 0
1233 53.075 6.28313
1234 70.7027 5.04092
1235 20.5121 2.51394
1236 67.7788 5.40731
1237 34.0457 3.43357
1238 21.9356 4.42812
1239 24.444 4.53551
1240 21.0966 3.27038
1241 17.2518 2.20552
1242 14.2153 2.32456
1243 21.3227 3.25257
1244 24.3802 3.12397
1245 44.7848 6.50771
1246 19.2523 2.92882
1247 53.3737 5.38392
1248 37.834 3.7293
1249 24.6215 2.77872
1250 32.5341 4.23472
1251 23.2121 2.51815
1252 54.0535 6.19113
1253 45.104 6.85689
1254 57.2631 4.72331
1255 45.2687 5.51722
1256 63.8543 5.39523
1257 39.3351 3.83065
1258 75.6572 13.8087
1259 41.0316 4.07752
1260 54.7219 5.68021
1261 71.0521 6.97781
1262 56.2114 5.6995
1263 57.1266 5.4328
1264 51.9302 5.33601
1265 44.041 5.80137
1266 59.3871 12.6843
1267 33.2085 5.23486
1268 54.8848 4.32182
1269 58.7778 5.43629
1270 45.114 15.3237
1271 80.5499 12.9942
1272 19.2072 3.36637
1273 61.9191 5.02055
1274 28.9861 4.34929
1275 31.9815 3.86391
1276 27.441 2.79017
1277 46.5612 6.46691
1278 17.3502 3.53442
1279 36.3794 4.7621
1280 24.9699 3.46621
1281 29.788 8.9329
1282 51.5785 6.69085
1283 34.2122 6.16778
1284 -10 0
1285 32.4693 4.73086
1286 29.958 5.87885
1287 33.7215 4.68196
1288 39.2045 5.21874
1289 -10 0
1290 27.0071 3.55255
1291 72.9039 7.31444
1292 47.4481 5.15396
1293 70.486 5.57482
1294 74.5786 6.17263
1295 46.9649 5.31303
1296 58.5365 5.75156
1297 13.1788 3.40932
1298 34.8639 5.80854
1299 12.1261 3.12893
1300 45.212 4.79311
1301 28.944 2.88769
1302 20.8781 3.32483
1303 20.46 3.00682
1304 19.4851 2.27472
1305 36.9504 3.93733
1306 45.8907 4.97549
1307 80.5983 6.28553
1308 46.9468 6.42392
1309 79.2123 5.51557
1310 59.0425 5.05792
1311 52.0721 5.61501
1312 -10 0
1313 35.773 3.71222
1314 40.8632 4.33781
1315 65.4022 5.0965
1316 45.0385 5.48703
1317 16.3054 3.15989
1318 15.8769 2.44112
1319 59.6472 8.0507
1320 58.8219 7.23563
1321 41.4289 4.78728
1322 52.2536 5.92112
1323 81.7887 7.75791
1324 47.8243 5.66408
1325 31.4167 3.25587
1326 31.8225 3.34171
1327 43.8642 4.8892
1328 35.2161 4.14303
1329 41.8715 6.72364
1330 40.3052 5.60723
1331 23.9303 3.02239
1332 21.5527 3.04926
1333 14.7766 2.97319
1334 52.7754 6.02915
1335 23.2431 2.96644
1336 40.2898 4.64507
1337 74.5417 8.0474
1338 34.0105 3.25555
1339 46.4485 4.87112
1340 59.1198 6.42224
1341 51.1928 6.05889
1342 34.8839 3.60199
1343 46.0441 6.33462
1344 46.4429 6.20906
1345 47.0032 5.80548
1346 56.6838 5.14934
1347 52.7213 5.33268
1348 58.4083 5.04951
1349 40.0063 4.75613
1350 44.2131 4.85378
1351 31.7163 4.16041
1352 31.6036 4.02944
1353 55.3555 5.64693
1354 16.5356 5.04121
1355 57.9449 5.74922
1356 18.1908 3.69569
1357 52.9913 5.03098
1358 23.4206 3.49227
1359 32.5143 4.24436
1360 45.6009 4.67504
1361 17.2818 2.84788
1362 39.6234 4.19672
1363 -10 0
1364 21.613 2.85486
1365 18.8819 3.74283
1366 24.3767 3.09247
1367 26.5014 2.76286
1368 52.2575 8.86942
1369 27.7923 4.45433
1370 30.0087 4.53409
1371 23.9537 2.58671
1372 53.7856 5.72748
1373 52.5194 6.21967
1374 32.0706 4.49461
1375 62.3533 5.76466
1376 40.5595 4.35878
1377 -10 0
1378 19.0738 2.22689
1379 -10 0
1380 36.991 4.41989
1381 11.9055 2.20241
1382 19.0841 3.00465
1383 39.7828 4.8518
1384 52.3897 5.2071
1385 15.4132 2.21616
1386 27.4535 3.62312
1387 11.9328 4.21801
1388 18.296 2.02478
1389 19.9699 2.68514
1390 22.5427 2.5693
1391 54.1156 4.99735
1392 13.2572 2.70443
1393 27.7195 4.34074
1394 -10 0
1395 43.6015 4.99226
1396 12.6456 2.44068
1397 -10 0
1398 -10 0
1399 19.3655 3.08974
1400 -10 0
1401 14.2243 2.19243
1402 9.48349 2.75103
1403 22.4276 2.34313
1404 14.3641 2.71013
1405 15.6594 2.64397
1406 17.5004 2.78639
1407 9.75344 6.88326
1408 21.436 3.06583
1409 -10 0
1410 30.751 3.56354
1411 27.9912 8.64964
1412 -10 0
1413 -10 0
1414 23.2067 2.79844
1415 21.7415 3.4284
1416 -10 0
1417 34.1679 5.15135
1418 -10 0
1419 48.3472 5.82032
1420 23.2497 3.1717
1421 20.9757 3.18152
1422 -10 0
1423 29.3834 3.96515
1424 -10 0
1425 -10 0
1426 23.0281 3.08891
1427 19.0438 3.29916
1428 -10 0
1429 13.7887 6.64534
1430 20.8987 3.5794
1431 24.6 3.16211
1432 30.6186 3.80466
1433 15.9073 8.95199
1434 17.8054 8.02
1435 -10 0
1436 36.8594 4.9776
1437 -10 0
1438 35.2529 3.54944
1439 13.325 3.18585
1440 15.431 3.44637
1441 49.2098 4.85151
1442 17.1878 11.9313
1443 28.7237 4.39082
1444 -10 0
1445 -10 0
1446 -10 0
1447 41.0465 6.35541
1448 20.91 7.24937
1449 -10 0
1450 -10 0
1451 -10 0
1452 65.961 5.73818
1453 54.0803 3.78373
1454 36.6548 4.87759
1455 30.9699 6.38388
1456 35.1694 14.2276
1457 49.632 5.46881
1458 60.9424 3.15532
1459 23.5577 12.1788
1460 -10 0
1461 -10 0
1462 51.8417 4.12642
1463 21.8605 4.26969
1464 60.8897 4.65523
1465 -10 0
1466 17.5928 8.30301
1467 30.4656 13.9828
1468 33.6344 11.4708
1469 50.8512 4.30091
1470 54.6899 5.83631
1471 50.4387 5.20121
1472 21.3923 6.75107
1473 32.3845 4.80144
1474 55.2932 5.31292
1475 13.3348 14.4666
1476 29.1489 5.74893
1477 -10 0
1478 18.1468 4.64767
1479 -10 0
1480 24.4425 6.07482
1481 37.8912 8.20682
1482 45.4344 5.07585
1483 43.8181 1.49129
1484 23.5029 6.94454
1485 50.1164 2.14343
1486 -10 0
1487 47.8574 1.35698
1488 62.6233 7.68498
1489 22.029 3.09784
1490 36.3702 5.88713
1491 37.9331 4.2689
1492 30.5005 4.59639
1493 54.8576 4.75627
1494 35.5769 4.4925
1495 -10 0
1496 48.0701 4.59884
1497 19.0322 5.56316
1498 24.0547 5.87384
1499 40.7083 6.01008
1500 42.3386 4.95403
1501 50.5052 5.33997
1502 19.0428 6.48067
1503 -10 0
1504 57.7832 4.89445
1505 42.2225 4.26331
1506 18.3024 15.484
1507 33.0765 4.78032
1508 14.2138 14.8873
1509 15.396 3.71121
1510 -10 0
1511 40.2467 4.70554
1512 -10 0
1513 38.6872 3.72548
1514 -10 0
1515 -10 0
1516 44.5162 5.4402
1517 25.2957 3.04076
1518 35.4098 4.64169
1519 -5 0
1520 38.8663 5.33266
1521 -10 0
1522 -5 0
1523 17.5329 3.18516
1524 -10 0
1525 20.693 2.22109
1526 42.2509 6.05111
1527 36.9193 4.35186
1528 57.2078 6.35004
1529 49.1315 5.82529
1530 13.2543 14.2107
1531 52.6617 5.6973
1532 15.9358 12.4923
1533 11.6352 11.9091
1534 13.3722 6.38657
1535 20.26 2.86556
1536 -5 0
1537 -5 0
1538 -5 0
1539 -5 0
1540 -5 0
1541 -5 0
1542 -5 0
1543 29.931 4.64284
1544 -5 0
1545 -5 0
1546 37.6003 5.43107
1547 -5 0
1548 24.6374 3.16691
1549 -10 0
1550 22.1815 2.57812
1551 26.9106 2.77238
1552 -5 0
1553 18 18.9521
1554 58.2431 5.25405
1555 62.9317 4.93464
1556 59.5421 5.40076
1557 31.3579 4.81726
1558 63.7561 4.83704
1559 30.4978 3.92731
1560 41.0906 4.09533
1561 43.8348 5.13439
1562 -5 0
1563 26.2502 4.38211
1564 -5 0
1565 16.3151 4.41923
1566 20.3552 3.09561
1567 31.3156 4.49211
1568 33.5939 5.487
1569 58.121 5.63666
1570 23.8331 2.83543
1571 58.9707 5.24274
1572 59.0401 5.49113
1573 71.7845 5.70913
1574 39.246 4.13562
1575 51.5908 4.66139
1576 49.134 5.9525
1577 17.6424 3.71696
1578 44.2364 5.59267
1579 54.1045 5.05893
1580 42.194 3.90548
1581 40.6824 5.0256
1582 72.6059 6.21069
1583 62.7785 5.50742
1584 36.6578 3.86984
1585 25.4868 7.21935
1586 35.8567 4.22009
1587 33.5081 4.61016
1588 58.7009 6.80052
1589 -10 0
1590 38.9163 3.66249
1591 13.5542 5.84745
1592 -10 0
1593 -10 0
1594 43.7024 5.07411
1595 13.2155 5.44505
1596 47.5449 4.83284
1597 34.4137 4.2438
1598 75.9879 7.15805
1599 19.1874 2.85392
1600 38.1046 4.12991
1601 56.6171 5.82394
1602 20.3347 3.05901
1603 40.633 4.62141
1604 39.0542 7.91741
1605 34.9612 4.62629
1606 21.0619 2.99722
1607 54.392 7.28317
1608 25.7021 2.9047
1609 20.5524 7.67263
1610 39.1645 5.89341
1611 50.3883 4.67389
1612 18.2899 3.33297
1613 31.0362 3.5523
1614 18.1939 3.01578
1615 29.0203 4.1374
1616 33.7755 7.78451
1617 59.6263 4.89685
1618 18.0194 2.21148
1619 59.8865 4.78545
1620 -10 0
1621 54.1119 6.52884
1622 9.30406 6.22219
1623 47.9034 6.0549
1624 19.1357 2.53504
1625 40.3067 5.56765
1626 48.3475 5.0589
1627 15.4125 2.3802
1628 19.9995 2.36546
1629 40.3586 3.32162
1630 55.2816 5.29145
1631 52.8314 5.50582
1632 -10 0
1633 73.4591 5.68364
1634 34.8121 4.14347
1635 49.7869 5.75043
1636 42.7234 4.23836
1637 66.4946 5.94655
1638 60.53 5.47049
1639 55.5011 5.43762
1640 50.1638 6.40571
1641 23.4115 2.73359
1642 28.1644 3.00989
1643 25.5023 2.93109
1644 11.8532 5.7485
1645 53.7638 5.92679
1646 49.9334 5.85457
1647 79.3784 6.27902
1648 57.1839 18.529
1649 50.2974 5.91283
1650 44.9684 5.70599
1651 28.9154 3.97392
1652 33.4234 9.1945
1653 76.3373 6.61411
1654 65.5661 5.20467
1655 48.7024 5.61439
1656 14.3526 3.07434
1657 54.5565 5.3615
1658 56.5874 5.94221
1659 -10 0
1660 21.6351 2.58785
1661 60.9154 6.24952
1662 60.6999 5.44688
1663 34.6661 4.47002
1664 51.5259 5.98231
1665 44.4624 6.45379
1666 30.2098 4.56724
1667 -10 0
1668 20.6499 2.55803
1669 -10 0
1670 15.6573 4.85338
1671 35.1983 4.21981
1672 64.4829 6.85532
1673 24.8497 2.51515
1674 59.8402 5.72141
1675 47.1262 5.63675
1676 56.7473 5.08114
1677 59.1639 5.7253
1678 56.5859 6.20638
1679 66.5822 5.7531
1680 47.8125 4.86005
1681 -10 0
1682 -10 0
1683 67.8925 6.1537
1684 32.3379 5.0975
1685 32.1134 16.0243
1686 52.1485 5.55226
1687 61.3607 5.45439
1688 22.658 2.85498
1689 14.5428 6.05942
1690 20.6753 2.29174
1691 -10 0
1692 12.7908 15.1182
1693 30.5481 4.61504
1694 19.3636 3.57816
1695 -10 0
1696 -10 0
1697 -10 0
1698 54.7153 5.64576
1699 34.7373 5.00461
1700 43.7181 5.66366
1701 61.98 6.24537
1702 78.5039 15.8443
1703 26.0274 3.66081
1704 58.2228 6.02734
1705 63.8221 6.36397
1706 27.0387 3.21518
1707 80.6786 14.1764
1708 71.5768 5.7638
1709 32.3394 1.4628
1710 13.4735 7.32972
1711 19.5487 3.57475
1712 -5 0
1713 55.4544 5.0041
1714 90.6727 6.52093
1715 84.0094 16.1432
1716 35.1034 3.6315
1717 54.4964 4.02039
1718 32.0833 4.21784
1719 26.9215 3.89885
1720 90.9496 14.7632
1721 49.1617 5.36012
1722 52.569 5.88639
1723 67.0183 6.32218
1724 66.0294 5.38681
1725 22.8481 2.47601
1726 17.1271 5.92108
1727 -10 0
1728 -5 0
1729 42.4447 4.76861
1730 56.3081 5.20252
1731 66.4231 5.96465
1732 40.7543 4.69387
1733 32.9119 3.56082
1734 53.112 4.62823
1735 53.8472 5.45454
1736 35.895 4.71395
1737 82.5029 5.38811
1738 24.9761 2.93352
1739 41.6059 4.68973
1740 49.6386 4.74522
1741 13.4542 10.5834
1742 34.3087 4.90326
1743 68.6731 5.89346
1744 63.2892 5.45011
1745 72.6834 4.93421
1746 57.5498 6.09114
1747 36.6045 8.75501
1748 20.7828 3.28462
1749 57.0643 5.86553
1750 73.3854 6.8815
1751 38.7172 3.52098
1752 73.5504 6.11186
1753 70.5367 6.07883
1754 41.3973 4.86358
1755 18.5658 3.02596
1756 38.2534 4.52161
1757 23.9552 2.96168
1758 69.4234 5.42939
1759 28.6317 3.20037
1760 45.0952 4.71823
1761 17.0153 3.30918
1762 26.1678 3.83718
1763 13.386 8.05996
1764 48.2203 6.12032
1765 24.846 6.96149
1766 26.8254 2.92691
1767 48.2186 5.53225
1768 -10 0
1769 19.4465 4.19952
1770 38.6834 4.55032
1771 52.5991 5.17376
1772 20.7447 2.33923
1773 17.9108 3.83175
1774 39.2703 4.76503
1775 11.5091 15.7169
1776 12.8114 20.442
1777 8.99545 7.28298
1778 41.0443 5.66278
1779 16.2897 2.82035
1780 56.9953 5.9828
1781 -10 0
1782 34.6962 4.09165
1783 51.2066 5.00967
1784 54.2315 4.95207
1785 32.0959 4.30191
1786 22.0128 3.3468
1787 51.5674 5.02139
1788 52.876 5.2444
1789 45.2253 5.21002
1790 43.7975 4.85376
1791 -10 0
1792 -10 0
1793 12.4364 3.62432
1794 11.9106 2.00955
1795 20.4801 2.45987
1796 18.8588 1.98637
1797 46.4641 6.16934
1798 21.1304 3.60598
1799 18.3537 2.72666
1800 -10 0
1801 61.775 4.66984
1802 37.1832 3.41943
1803 70.9152 7.36447
1804 82.4702 7.19958
1805 21.4123 3.38254
1806 49.2615 5.46872
1807 20.8709 2.19687
1808 21.9608 3.44993
1809 30.4562 3.69711
1810 23.8671 2.66733
1811 41.6862 5.37261
1812 39.9497 4.30857
1813 33.9531 3.07093
1814 17.5815 2.01765
1815 9.75273 3.35271
1816 12.3001 2.82
1817 30.58 4.06777
1818 11.9561 2.5367
1819 -10 0
1820 16.8304 2.18001
1821 32.0447 4.46961
1822 22.1495 2.89538
1823 21.0655 3.40945
1824 20.7409 2.62976
1825 44.9182 3.94698
1826 19.5828 3.58523
1827 15.0664 4.5496
1828 15.192 5.87045
1829 25.7736 3.42959
1830 -10 0
1831 -10 0
1832 -10 0
1833 51.8031 6.49807
1834 33.3367 4.40613
1835 23.7185 2.82035
1836 32.0891 4.76937
1837 20.4838 2.92577
1838 45.8568 5.43009
1839 69.4127 5.21984
1840 22.0746 2.5791
1841 0 0
1842 0 0
1843 0 0
1844 0 0
1845 0 0
1846 0 0
1847 0 0
1848 0 0
1849 0 0
1850 0 0
1851 0 0
1852 0 0
1853 0 0
1854 0 0
1855 0 0
1856 0 0
1857 0 0
1858 0 0
1859 0 0
1860 0 0
1861 0 0
1862 0 0
1863 0 0
1864 0 0
1865 0 0
1866 0 0
1867 0 0
1868 0 0
1869 0 0
1870 0 0
1871 0 0
1872 0 0
1873 0 0
1874 0 0
1875 0 0
1876 0 0
1877 0 0
1878 0 0
1879 0 0
1880 0 0
1881 0 0
1882 0 0
1883 0 0
1884 0 0
1885 0 0
1886 0 0
1887 0 0
1888 0 0
1889 0 0
1890 0 0
1891 0 0
1892 0 0
1893 0 0
1894 0 0
1895 0 0
1896 0 0
1897 0 0
1898 0 0
1899 0 0
1900 0 0
1901 0 0
1902 0 0
1903 0 0
1904 0 0
1905 0 0
1906 0 0
1907 0 0
1908 0 0
1909 0 0
1910 0 0
1911 0 0
1912 0 0
1913 0 0
1914 0 0
1915 0 0
1916 0 0
1917 0 0
1918 0 0
1919 0 0
1920 0 0
