1 0 0
2 0 0
3 0 0
4 0 0
5 0 0
6 0 0
7 0 0
8 0 0
9 0 0
10 0 0
11 0 0
12 0 0
13 0 0
14 0 0
15 0 0
16 0 0
17 0 0
18 0 0
19 0 0
20 0 0
21 0 0
22 0 0
23 0 0
24 0 0
25 0 0
26 0 0
27 0 0
28 0 0
29 0 0
30 0 0
31 0 0
32 0 0
33 0 0
34 0 0
35 0 0
36 0 0
37 0 0
38 0 0
39 0 0
40 0 0
41 0 0
42 0 0
43 0 0
44 0 0
45 0 0
46 0 0
47 0 0
48 0 0
49 0 0
50 0 0
51 0 0
52 0 0
53 0 0
54 0 0
55 0 0
56 0 0
57 0 0
58 0 0
59 0 0
60 0 0
61 0 0
62 0 0
63 0 0
64 0 0
65 0 0
66 0 0
67 0 0
68 0 0
69 0 0
70 0 0
71 0 0
72 0 0
73 0 0
74 0 0
75 0 0
76 0 0
77 0 0
78 0 0
79 0 0
80 0 0
81 56.1967 6.21191
82 20.8354 3.24313
83 30.8168 7.27907
84 58.1185 5.3059
85 60.1549 5.81534
86 23.0568 2.91353
87 49.4439 4.35753
88 34.7609 7.55256
89 37.6915 4.94478
90 49.478 5.95011
91 31.5935 3.94301
92 34.0006 4.51464
93 35.8761 4.46854
94 18.8419 2.44156
95 58.6135 5.63448
96 30.9665 4.00354
97 22.5535 3.00741
98 54.4754 6.58753
99 18.4877 2.45146
100 38.6779 4.57357
101 48.6426 4.6827
102 60.8768 4.91253
103 19.8419 2.49634
104 27.9405 2.96211
105 21.7393 3.231
106 39.8107 4.27283
107 16.922 2.50266
108 36.006 3.91322
109 67.4384 6.32857
110 57.2456 7.03366
111 25.8742 2.38229
112 -10 0
113 40.1525 4.26433
114 30.6824 3.65869
115 73.0543 5.65308
116 24.5536 2.17861
117 20.685 2.45694
118 39.5245 5.01701
119 38.7191 4.48558
120 12.2203 3.24692
121 18.994 2.519
122 17.7948 2.86827
123 28.5314 4.6866
124 38.8394 4.4491
125 22.7333 2.81161
126 0 0
127 9.23834 6.2808
128 31.7539 4.9788
129 22.8343 15.7016
130 -10 0
131 12.2737 4.25518
132 37.7499 4.6702
133 66.0008 6.33434
134 33.3981 5.228
135 14.5588 3.28124
136 19.6625 2.62116
137 41.9443 5.12422
138 36.6444 4.00585
139 43.1934 4.39065
140 36.1255 3.97727
141 53.3848 6.06625
142 17.4905 2.92837
143 30.1509 3.07708
144 34.053 4.49667
145 25.4367 3.03045
146 13.8088 7.13479
147 29.3537 4.05259
148 32.506 4.00334
149 18.305 2.92648
150 -10 0
151 44.078 4.46547
152 36.7529 5.45498
153 39.1343 3.40206
154 36.9252 4.65622
155 11.1091 5.15918
156 45.6827 5.63569
157 43.1207 4.97183
158 20.363 1.89124
159 34.5226 5.33964
160 27.2335 2.29416
161 74.1532 14.8053
162 20.8888 2.7171
163 -10 0
164 15.0953 7.33194
165 56.675 10.1263
166 36.1931 4.76277
167 50.062 5.83073
168 47.5051 6.24144
169 58.7711 6.89986
170 46.8885 5.93781
171 55.382 5.06364
172 71.7403 15.0373
173 72.654 5.99081
174 56.0448 5.60024
175 79.3426 14.3198
176 53.9031 7.00757
177 28.5673 4.19755
178 34.9278 5.88379
179 20.3509 3.19535
180 46.731 5.76371
181 49.3861 5.53467
182 75.816 5.68148
183 27.7777 3.65725
184 34.7746 6.22412
185 39.4913 4.38425
186 39.133 5.8574
187 56.2036 6.27509
188 76.6434 6.61828
189 70.7803 6.79458
190 56.9558 5.97877
191 51.2754 5.05983
192 11.7538 12.4946
193 43.5699 6.39593
194 73.0284 6.0582
195 65.5471 5.64103
196 80.5127 14.2071
197 65.3294 6.72548
198 50.838 5.68673
199 51.1396 5.99992
200 30.9427 4.27397
201 53.3367 5.75407
202 58.8989 8.03693
203 54.877 5.49289
204 56.2475 3.99831
205 35.0243 4.80402
206 52.2462 4.59234
207 29.5421 4.27569
208 70.3673 5.80421
209 52.1276 5.55227
210 38.9156 4.56393
211 53.9727 6.40574
212 42.5508 5.99096
213 39.6572 4.93231
214 18.4109 2.58702
215 42.2078 4.9411
216 58.4768 5.47768
217 72.6338 7.60402
218 61.2252 12.6072
219 30.7544 5.14343
220 47.6223 5.15693
221 60.2315 5.61106
222 70.4886 7.0767
223 71.5687 12.6344
224 65.0985 5.19332
225 51.5435 5.9466
226 29.328 3.69029
227 41.4315 5.56406
228 52.7733 5.43654
229 50.3835 5.96452
230 61.8925 6.03866
231 29.1929 3.93802
232 52.9097 5.47437
233 41.528 4.65209
234 51.7103 6.0408
235 46.2462 4.81937
236 51.3662 6.17595
237 55.9546 6.02886
238 37.4429 3.70005
239 60.2328 5.51821
240 54.7997 6.20711
241 19.6381 3.52286
242 19.8405 3.17213
243 64.0912 5.52664
244 33.3759 5.60277
245 39.7096 4.84091
246 53.7537 6.05319
247 53.6073 6.99302
248 46.4463 5.79636
249 38.4993 4.24878
250 50.0334 5.28601
251 48.7384 5.84729
252 53.8053 5.92329
253 58.8182 6.46298
254 71.7947 6.13668
255 70.7073 5.57766
256 -10 0
257 68.4308 3.68993
258 42.8096 6.60858
259 78.4133 11.3194
260 76.0066 6.03321
261 77.9011 8.08942
262 69.6802 5.53944
263 74.7336 14.6568
264 45.1989 5.13922
265 72.9283 4.00073
266 67.946 5.62645
267 62.5464 5.74765
268 79.3974 7.9802
269 26.2499 3.6044
270 74.4514 14.4096
271 51.6149 5.57878
272 9.97402 14.8034
273 32.1281 4.46397
274 21.6324 2.80891
275 70.9556 5.72206
276 56.1339 5.89076
277 39.5643 4.48175
278 50.495 5.55004
279 27.7947 4.30645
280 58.9217 5.05179
281 34.6916 4.63267
282 20.5896 2.45584
283 82.4161 5.54853
284 61.1902 4.84036
285 44.0126 4.75817
286 61.3673 6.55191
287 53.2513 6.47876
288 48.3497 4.74936
289 65.5715 7.45607
290 25.7648 2.45083
291 27.2054 2.92118
292 66.6913 5.68537
293 33.1002 4.00104
294 19.9458 2.69184
295 40.4049 4.99141
296 59.9674 6.05496
297 22.0208 3.34764
298 55.7166 5.38458
299 36.1258 4.18298
300 24.9241 3.28148
301 17.5292 2.78437
302 37.5597 4.98234
303 51.3477 6.05668
304 68.1678 4.80466
305 36.0253 3.57809
306 32.1871 4.39847
307 63.5064 5.95331
308 65.9531 5.52766
309 71.0694 7.16459
310 67.2171 5.39306
311 58.0851 6.05612
312 62.7919 4.38415
313 53.5576 5.85489
314 55.7252 4.49455
315 55.9168 4.34219
316 73.7542 16.4541
317 62.5229 13.227
318 52.1249 5.51335
319 63.9304 6.38243
320 31.1905 4.22142
321 65.5264 4.99235
322 63.7522 6.78327
323 47.1098 6.00377
324 55.1174 5.85549
325 25.4868 3.01411
326 47.2959 5.48654
327 37.521 5.18205
328 59.3405 6.73942
329 43.4824 4.79
330 45.9774 5.67851
331 64.1593 6.20977
332 48.9286 6.01749
333 29.2122 4.22214
334 43.766 4.38856
335 66.5037 6.13847
336 73.6192 5.57705
337 37.5478 4.84298
338 20.4376 2.66262
339 52.8641 5.92719
340 47.1715 4.41378
341 35.8903 5.8868
342 54.8029 5.42731
343 30.7945 4.7924
344 42.1657 8.49434
345 50.1539 5.13528
346 24.9963 2.95814
347 53.9242 5.74064
348 45.964 5.25487
349 53.0765 5.64127
350 45.3608 6.17001
351 76.9111 7.40292
352 -10 0
353 -10 0
354 31.2108 5.48292
355 21.2284 2.49369
356 49.6256 4.61821
357 49.5787 4.80323
358 57.2528 5.95511
359 36.5789 8.51862
360 40.3179 5.57989
361 59.3345 3.16336
362 46.6575 4.72429
363 47.3382 4.91263
364 39.699 4.26122
365 30.9419 4.00294
366 68.4895 6.2843
367 56.0126 5.88807
368 26.1696 3.68193
369 41.416 4.99864
370 43.6382 5.53128
371 32.1597 4.85489
372 48.2366 5.46904
373 36.7743 8.02546
374 63.7808 7.20397
375 42.5649 5.61185
376 50.0201 5.29005
377 45.3438 5.98363
378 73.6937 7.19078
379 65.8568 7.65084
380 42.4322 5.21035
381 40.33 4.68255
382 55.6895 6.0228
383 48.6861 4.98122
384 32.2933 15.2098
385 38.1629 4.29477
386 20.9542 2.90551
387 21.6678 2.06276
388 25.2928 2.45374
389 35.6433 6.29242
390 35.0617 5.0664
391 43.4647 5.3957
392 43.9382 5.75798
393 35.5835 4.7496
394 35.1268 4.72982
395 73.6714 13.4523
396 59.5607 5.79745
397 74.7676 13.8199
398 30.8584 4.81897
399 32.0554 4.03057
400 71.8752 6.38524
401 37.6263 4.90254
402 21.482 6.89088
403 33.0024 4.78926
404 21.4406 2.77667
405 27.7381 3.92684
406 28.3627 4.03734
407 48.6063 5.86175
408 12.3555 13.2321
409 43.1053 5.62451
410 14.6474 6.18719
411 29.5949 4.38353
412 33.5511 4.79664
413 48.8537 4.09868
414 36.5775 4.02611
415 55.8118 5.75964
416 54.0326 5.82793
417 14.378 2.72134
418 59.914 5.3522
419 26.319 2.54179
420 27.0844 3.59638
421 64.8317 5.75334
422 34.3847 3.71672
423 34.369 4.27311
424 37.8936 4.62943
425 46.9459 4.96408
426 36.0456 8.40245
427 39.9417 16.5366
428 41.9518 4.51074
429 24.7626 2.30723
430 73.9648 6.53423
431 23.8071 2.71097
432 -5 0
433 33.7142 3.18948
434 45.2715 4.71344
435 72.3964 5.02363
436 34.6115 3.42027
437 20.6814 6.88253
438 24.2638 3.37765
439 26.9711 4.31156
440 -10 0
441 31.9933 3.07885
442 33.0348 3.23998
443 38.1282 3.9364
444 41.9123 4.62891
445 15.6026 3.7993
446 39.7971 3.96203
447 55.1118 5.57939
448 35.3416 2.88077
449 47.2418 5.94663
450 47.7182 5.69251
451 52.0004 5.5785
452 24.9841 14.9843
453 29.2157 2.76997
454 39.9697 4.22163
455 47.8155 4.63083
456 -10 0
457 42.8766 4.29201
458 42.8667 3.89102
459 35.7122 3.62911
460 55.2817 5.03551
461 54.1187 5.79464
462 64.6246 6.26404
463 31.3251 3.08106
464 49.9073 5.3046
465 33.6958 5.71583
466 59.9054 7.89492
467 48.7672 4.26199
468 30.2675 3.80391
469 18.2784 5.30814
470 10.3454 13.9925
471 48.009 4.9681
472 42.7341 5.50907
473 23.7479 2.51687
474 32.4045 4.92324
475 16.0208 10.9757
476 41.3386 5.08089
477 26.9347 3.74021
478 52.1683 5.23831
479 25.1362 2.28674
480 58.6359 6.0079
481 32.5186 3.96914
482 49.6213 7.94709
483 28.8949 4.1897
484 46.9652 6.46999
485 22.2503 2.78523
486 61.1924 7.25282
487 27.512 2.77652
488 40.4852 5.24579
489 55.5109 5.44833
490 38.7902 4.24988
491 52.3289 5.1785
492 75.5733 6.96128
493 59.9779 3.83548
494 64.5616 5.51584
495 24.6712 2.71762
496 36.6257 5.24612
497 46.236 5.98878
498 19.5578 2.22437
499 57.0356 6.13402
500 56.5142 5.94002
501 -10 0
502 24.8309 3.80975
503 11.0836 5.60833
504 32.1896 3.75173
505 -10 0
506 22.4552 3.00015
507 53.0096 6.67422
508 -10 0
509 46.3023 4.8586
510 52.8208 5.4686
511 30.3744 4.76445
512 13.2827 11.9995
513 51.446 5.05481
514 66.5868 5.28155
515 57.5192 5.36139
516 42.8821 5.61715
517 57.5262 6.14434
518 42.3113 4.92109
519 47.0438 5.39377
520 42.084 4.8395
521 61.7677 5.30658
522 66.0643 4.82742
523 70.367 6.26117
524 34.9741 4.83982
525 37.4047 4.88028
526 19.5051 3.04795
527 23.1055 2.84449
528 35.4888 3.73003
529 35.8777 3.90948
530 58.7099 6.41245
531 -10 0
532 39.3565 4.00098
533 28.6936 2.8592
534 41.664 4.83901
535 12.2659 3.11484
536 10.9179 2.97039
537 53.2299 6.15618
538 41.309 4.94172
539 36.2378 4.51075
540 36.8683 4.80412
541 18.0085 2.10054
542 40.4572 4.65051
543 29.8836 3.21517
544 44.8409 7.29307
545 47.1779 4.58141
546 26.7595 2.89896
547 29.1423 3.34591
548 31.6615 4.11867
549 38.3878 4.20545
550 -10 0
551 22.4528 2.92579
552 21.379 7.71552
553 -10 0
554 38.4437 4.38811
555 28.5288 3.7871
556 43.1839 5.42489
557 24.6864 12.8109
558 34.3945 3.82382
559 23.855 7.1002
560 41.7173 5.51434
561 33.0964 5.19715
562 20.8229 7.15544
563 12.2208 13.2643
564 13.227 7.81188
565 56.6359 5.67517
566 10.0911 14.8906
567 30.6247 4.5653
568 48.0032 5.05796
569 27.3624 3.35793
570 27.0623 3.31355
571 17.9454 2.97627
572 26.8231 3.00048
573 18.7462 4.00337
574 -10 0
575 33.3769 5.834
576 42.9597 5.77531
577 11.5619 6.47141
578 28.6399 2.91312
579 43.5309 6.71819
580 40.2696 5.02691
581 27.9998 7.66656
582 42.4356 5.19571
583 25.2236 3.67104
584 43.2064 4.63269
585 25.5186 2.78217
586 26.8831 3.38277
587 37.3679 5.12357
588 33.3532 3.81426
589 46.5674 5.15873
590 12.1103 14.7601
591 -10 0
592 -10 0
593 23.9495 2.59277
594 18.0083 14.3364
595 45.7009 5.64111
596 77.3004 5.44905
597 63.4546 5.53641
598 49.2145 6.65239
599 18.3972 2.82842
600 21.2649 3.07683
601 9.42222 7.78713
602 39.2071 3.85495
603 32.4372 5.45078
604 48.9175 5.68748
605 45.2787 5.93855
606 36.0003 4.57015
607 -10 0
608 27.1074 3.57576
609 55.1011 5.52093
610 66.424 5.41035
611 55.0171 5.63556
612 56.8436 4.92226
613 47.3464 5.99521
614 24.653 3.42806
615 35.2369 4.5543
616 56.0193 5.64559
617 15.0043 3.51932
618 40.0946 4.44562
619 26.2461 4.20047
620 47.5782 4.7926
621 23.5485 3.82084
622 37.4017 3.98667
623 23.0573 3.26067
624 45.6486 5.10294
625 51.2402 5.23163
626 66.1477 13.0081
627 58.1556 5.44995
628 49.753 5.13097
629 71.6366 6.24838
630 51.1689 4.6217
631 76.9964 8.30834
632 60.7542 5.6243
633 55.202 5.91
634 73.0042 7.05866
635 43.4217 5.54591
636 64.7252 5.51809
637 44.7804 4.31517
638 72.9748 3.29887
639 53.03 6.20702
640 59.0316 6.85441
641 62.5444 6.42586
642 50.3961 6.14607
643 46.3028 4.41879
644 48.7811 4.76966
645 67.3064 6.85408
646 47.8358 4.9732
647 12.2856 14.9214
648 23.4357 2.40792
649 31.5547 4.16904
650 33.2542 5.39369
651 26.4022 3.85223
652 18.0424 2.79432
653 27.4996 3.59177
654 61.2726 6.59964
655 54.8426 5.13626
656 44.7296 5.38039
657 25.6873 2.76894
658 23.6042 2.15626
659 -5 0
660 41.7057 6.34583
661 51.3644 5.13597
662 10.2249 14.753
663 49.964 5.24524
664 44.3251 5.1446
665 38.7091 9.27939
666 42.9392 5.8995
667 23.5656 2.25122
668 25.4987 2.89884
669 33.4466 4.61794
670 37.6091 8.33668
671 49.0001 5.5015
672 -10 0
673 35.57 4.36612
674 37.9785 4.23418
675 50.2854 6.01358
676 27.7549 3.12513
677 43.2062 5.63975
678 31.0759 4.15504
679 15.2954 6.92216
680 51.8926 4.91081
681 0 0
682 27.2942 3.40858
683 31.0794 4.382
684 49.2148 5.86486
685 41.5874 5.22501
686 23.2676 2.61507
687 36.8626 4.30401
688 33.6501 5.89917
689 48.3899 5.35316
690 41.8833 5.48648
691 45.6538 5.05523
692 41.9064 4.758
693 19.9479 2.25239
694 23.6281 2.57409
695 32.3887 5.54373
696 36.0713 4.60596
697 23.4773 2.62948
698 21.1403 2.04903
699 32.5591 4.42097
700 46.4864 5.73772
701 41.1379 5.26521
702 29.4201 3.59766
703 27.7935 3.36199
704 36.6801 4.89278
705 35.7875 8.026
706 37.943 4.28875
707 36.9721 4.7109
708 -10 0
709 23.336 2.97701
710 45.7593 5.84304
711 38.7143 4.75346
712 43.6555 5.48872
713 36.7021 4.97734
714 30.4 3.93379
715 23.5316 2.57749
716 43.6337 6.16253
717 21.2686 2.79109
718 28.7833 4.67294
719 30.1611 14.0042
720 30.1577 3.73465
721 28.2972 3.45168
722 37.9227 5.45308
723 42.5116 4.25541
724 35.9077 5.50519
725 26.5484 2.66218
726 42.3482 4.01946
727 35.6336 4.43431
728 60.2693 5.3587
729 56.3739 4.65042
730 63.9758 6.34927
731 65.0968 6.00194
732 51.9037 5.3099
733 72.0431 6.04594
734 52.3302 5.60884
735 -10 0
736 51.3899 4.51363
737 86.7243 15.2233
738 36.6793 5.69766
739 15.8905 19.203
740 35.0812 5.39037
741 18.4176 11.69
742 21.2658 2.95539
743 52.8026 4.779
744 67.3089 5.61196
745 26.9386 3.58076
746 93.497 14.9324
747 41.8186 4.37049
748 45.2156 5.66044
749 25.8347 3.89247
750 61.7987 3.78775
751 69.2789 7.36039
752 15.2674 2.74876
753 21.9043 3.38988
754 20.8466 2.6383
755 50.172 6.69312
756 19.4308 2.65944
757 49.8354 4.68547
758 15.6902 3.38643
759 24.687 3.78413
760 47.7127 5.72402
761 48.3709 4.4171
762 63.4165 5.11918
763 29.2678 4.2798
764 21.4719 3.03833
765 37.239 4.39208
766 68.2364 6.48653
767 44.9234 5.54272
768 64.0741 5.01508
769 44.5414 4.32333
770 25.3942 2.77699
771 37.9058 5.61892
772 33.7147 4.29493
773 26.9305 3.8762
774 28.2087 2.81728
775 77.5653 5.90905
776 60.0935 6.20062
777 45.973 4.84729
778 79.8165 5.43083
779 18.8038 2.17812
780 57.2098 6.49162
781 73.6812 5.09976
782 25.1952 3.20881
783 53.5439 5.0914
784 75.7633 6.57725
785 45.2172 5.14584
786 59.9406 4.21786
787 26.5186 2.5109
788 40.716 4.75227
789 36.5612 4.29746
790 56.5386 6.72793
791 38.9224 5.1974
792 25.0878 3.1836
793 57.9654 4.67436
794 24.2952 4.17185
795 44.6562 4.98099
796 35.6794 7.95632
797 57.4679 5.80455
798 20.0063 2.65652
799 -10 0
800 35.3838 5.14258
801 44.5688 6.54531
802 27.012 4.45424
803 59.7127 5.59537
804 55.8885 5.69106
805 43.0236 4.44758
806 34.174 4.14593
807 60.5605 5.20635
808 39.6683 4.17495
809 58.1677 5.72074
810 64.286 13.1519
811 64.0677 7.23038
812 -10 0
813 62.7807 4.95272
814 76.775 14.9416
815 64.4935 4.48181
816 76.0489 7.84888
817 42.8326 5.20091
818 44.5982 5.19623
819 46.5776 5.49886
820 44.5907 4.91885
821 80.2234 14.1933
822 74.9133 14.0474
823 18.603 2.48402
824 19.643 3.34807
825 53.9306 5.86934
826 18.2966 2.46719
827 31.1718 3.83384
828 44.232 4.90879
829 28.9812 3.91794
830 33.9674 5.84532
831 0 0
832 0 0
833 -10 0
834 62.7086 5.53818
835 68.2427 5.96769
836 66.1269 5.34607
837 46.167 6.43472
838 40.0869 5.07462
839 45.7692 4.79081
840 14.0618 3.0725
841 75.3314 6.13626
842 44.8289 4.80587
843 43.4729 4.90205
844 29.9791 3.92102
845 38.1109 3.73725
846 36.1258 4.47656
847 35.9667 4.90437
848 46.4278 5.76047
849 41.3169 5.21642
850 16.1229 4.35873
851 -10 0
852 29.7731 3.71779
853 28.1095 2.75553
854 44.7865 4.96682
855 37.2618 6.3877
856 23.4092 3.20875
857 43.8484 4.38468
858 59.9634 5.73471
859 17.8762 2.21351
860 53.7189 5.80548
861 34.6948 3.79076
862 26.9763 4.90884
863 64.4243 5.6471
864 27.8636 4.41989
865 0 0
866 19.3893 2.76247
867 46.1802 5.26896
868 32.6857 5.65406
869 -5 0
870 29.3017 4.3847
871 48.5491 5.27766
872 45.6743 5.96092
873 21.6215 3.01616
874 20.6886 2.86612
875 16.5432 5.42602
876 48.5002 4.99001
877 13.4911 8.21676
878 60.4613 6.14071
879 26.6252 4.11515
880 -10 0
881 43.579 5.27877
882 30.3187 4.61311
883 41.2918 5.39647
884 16.8536 3.62028
885 35.284 5.3471
886 33.2718 4.727
887 35.399 4.8341
888 26.5799 3.2125
889 47.21 3.68778
890 50.4135 6.10196
891 46.9166 5.96884
892 -10 0
893 15.8776 5.82447
894 42.952 5.26755
895 -10 0
896 34.3393 5.586
897 43.4941 4.60642
898 29.8072 3.72504
899 41.7502 4.68128
900 31.3738 4.43239
901 47.0644 4.37505
902 36.4351 4.86439
903 38.0046 3.65803
904 60.7193 5.80509
905 34.798 4.84506
906 25.7937 3.04227
907 10.7786 3.01124
908 31.6871 4.5637
909 14.7626 6.19649
910 46.3694 5.37182
911 21.3747 3.79665
912 -10 0
913 18.3816 2.75483
914 26.1595 2.93915
915 18.1522 1.60148
916 41.3153 4.21982
917 56.745 6.12518
918 8.90436 14.3593
919 23.9667 3.12611
920 19.3636 2.08338
921 47.8194 5.43667
922 31.3595 4.28511
923 39.7328 3.62776
924 19.8136 1.86687
925 50.0873 5.18443
926 20.8222 2.55517
927 67.054 14.9829
928 14.5667 4.40075
929 40.3592 4.2625
930 -10 0
931 -10 0
932 -10 0
933 54.6404 5.49901
934 10.2731 4.90804
935 18.7883 2.085
936 24.6838 2.73486
937 -10 0
938 8.99232 14.5596
939 20.0471 2.31148
940 15.9529 2.75521
941 -10 0
942 -10 0
943 30.8906 4.23772
944 22.1285 2.6649
945 -10 0
946 36.9817 5.07264
947 28.947 4.31529
948 -10 0
949 -10 0
950 19.7202 2.59629
951 25.6885 2.47118
952 16.1541 5.09151
953 35.0631 12.409
954 56.0887 6.69569
955 -10 0
956 -10 0
957 -10 0
958 48.0611 15.7871
959 -10 0
960 69.0045 7.04705
961 51.628 5.60865
962 39.1369 4.8409
963 48.757 5.75914
964 43.2989 5.12357
965 51.6475 5.75303
966 48.9147 5.98387
967 43.0731 5.37345
968 51.4989 5.22744
969 0 0
970 45.2296 4.27646
971 20.8276 2.6756
972 18.6442 2.05824
973 25.9677 2.67628
974 55.7643 5.21325
975 34.4775 3.78849
976 0 0
977 70.0929 5.43203
978 35.0053 4.90208
979 36.1209 5.2415
980 44.9697 4.86691
981 79.2021 4.37678
982 41.7199 3.85698
983 22.0049 3.01005
984 22.0602 2.30027
985 47.8295 5.8259
986 9.31685 4.62206
987 42.0992 3.96041
988 80.6011 5.59969
989 61.7623 5.27718
990 60.1294 5.20594
991 68.2102 7.94451
992 17.2862 1.49823
993 46.0346 5.94297
994 67.1937 7.74129
995 44.5108 5.1911
996 13.0073 2.15375
997 19.024 2.7511
998 18.4114 2.60726
999 39.9982 4.86554
1000 25.1696 2.9313
1001 26.4609 3.84834
1002 47.6991 4.50153
1003 44.1279 5.58108
1004 22.4636 2.32508
1005 15.9775 2.45921
1006 35.9553 4.40693
1007 19.8913 3.35705
1008 74.8504 7.71477
1009 15.7402 5.24721
1010 13.1145 8.29633
1011 -10 0
1012 -10 0
1013 21.4533 2.81648
1014 10.8051 3.6169
1015 29.1364 4.68989
1016 58.5841 6.02506
1017 19.1782 3.73498
1018 54.1395 5.5401
1019 38.6463 4.40887
1020 48.8979 5.95036
1021 49.6225 5.4203
1022 -10 0
1023 11.1317 5.0999
1024 45.6419 6.68967
1025 22.1538 2.43965
1026 18.1528 3.01437
1027 -10 0
1028 -10 0
1029 -10 0
1030 16.1847 5.18196
1031 -10 0
1032 -10 0
1033 29.3017 2.95551
1034 61.2699 5.04983
1035 22.764 2.61856
1036 30.7941 4.53014
1037 38.1596 4.53446
1038 46.4647 5.23254
1039 54.5026 5.87032
1040 15.7542 2.96392
1041 31.7303 5.24846
1042 0 0
1043 44.8988 5.63745
1044 43.2157 6.58749
1045 33.0701 4.05539
1046 56.4766 5.74725
1047 35.2938 5.25592
1048 51.8738 5.59711
1049 57.4813 5.84466
1050 40.3303 4.49928
1051 34.1428 4.81346
1052 19.5154 2.21696
1053 29.0456 3.47893
1054 36.1417 5.35198
1055 28.2275 3.96201
1056 49.1949 5.98564
1057 72.8387 5.25033
1058 78.4125 6.10015
1059 49.5885 6.30922
1060 49.7122 7.15348
1061 74.2103 13.1876
1062 36.3038 3.93171
1063 60.6686 6.31155
1064 52.4866 4.66301
1065 52.5996 6.07463
1066 82.5509 5.73078
1067 81.4286 5.4302
1068 46.9585 6.91364
1069 -10 0
1070 80.5261 13.8799
1071 42.0317 5.84285
1072 12.6733 7.83472
1073 77.0237 5.70241
1074 -10 0
1075 74.7644 6.22368
1076 72.3605 5.00728
1077 76.3082 6.30332
1078 70.3863 6.40777
1079 80.3383 6.05328
1080 -10 0
1081 49.9185 5.78695
1082 21.1801 3.42084
1083 16.4086 10.5064
1084 80.4238 5.71119
1085 15.4495 12.0621
1086 59.508 5.38426
1087 77.0954 1.03045
1088 51.211 5.85752
1089 42.6563 5.10523
1090 75.6474 6.97809
1091 57.8767 6.51567
1092 15.7275 4.92355
1093 31.2873 5.32094
1094 64.4726 5.50247
1095 83.3553 7.77084
1096 73.3522 5.96372
1097 75.0717 7.26566
1098 66.0394 4.69811
1099 77.3612 5.48459
1100 72.9011 6.61569
1101 66.8059 6.58374
1102 14.284 15.7242
1103 82.2507 5.61038
1104 78.8879 8.01901
1105 30.234 4.37865
1106 56.6529 5.25951
1107 53.1673 6.32259
1108 48.0845 5.21214
1109 23.3567 2.65514
1110 68.274 5.90184
1111 49.5651 5.57719
1112 31.437 3.27189
1113 11.5315 14.6658
1114 -10 0
1115 23.486 2.08407
1116 17.3455 2.38785
1117 64.1051 5.7654
1118 51.8046 3.12759
1119 29.4789 3.5882
1120 51.7898 5.68163
1121 50.8201 4.46482
1122 40.712 4.22487
1123 65.6733 5.13211
1124 27.5437 3.35599
1125 54.994 4.10456
1126 27.2406 3.35552
1127 76.3772 7.74679
1128 60.2915 5.25592
1129 31.3019 4.90183
1130 61.6632 5.09936
1131 39.8061 5.00428
1132 64.1968 15.0156
1133 66.0438 5.55447
1134 77.6462 13.37
1135 78.3918 6.59892
1136 -10 0
1137 78.9237 14.5303
1138 78.323 5.82706
1139 75.6055 15.8268
1140 14.9319 13.4977
1141 58.413 6.68052
1142 -10 0
1143 68.6089 6.05841
1144 -10 0
1145 69.8152 14.0471
1146 72.1257 5.86514
1147 -10 0
1148 62.5667 5.41114
1149 58.913 3.46219
1150 65.2676 8.04834
1151 -10 0
1152 13.6702 6.39153
1153 58.8549 6.32665
1154 68.0555 5.48748
1155 69.3758 6.50087
1156 74.7313 18.1617
1157 32.8047 4.60715
1158 24.4081 2.88547
1159 44.568 6.19272
1160 38.4345 4.65528
1161 80.5705 16.0117
1162 51.4844 5.6969
1163 57.5643 5.891
1164 15.1922 13.3681
1165 51.8125 6.22366
1166 75.3383 6.43159
1167 76.1574 5.13675
1168 72.4121 14.2305
1169 53.6934 5.59746
1170 43.012 5.58075
1171 54.3341 5.91674
1172 53.9898 5.04808
1173 35.9462 5.48761
1174 40.4911 5.71165
1175 58.9532 5.95513
1176 69.4229 7.71735
1177 41.905 4.76545
1178 75.1178 6.05031
1179 37.8117 4.33979
1180 69.1637 5.01621
1181 73.651 6.8356
1182 -10 0
1183 73.1829 5.92689
1184 -10 0
1185 31.5373 3.86372
1186 38.9475 6.35039
1187 39.3439 5.34978
1188 69.8298 5.86636
1189 42.3345 5.78919
1190 58.6892 5.01914
1191 45.5911 5.09736
1192 44.3577 5.64129
1193 32.3176 4.3328
1194 35.7252 4.83775
1195 54.8737 4.10352
1196 30.9358 4.34702
1197 19.7173 2.52813
1198 25.3294 3.30906
1199 23.9587 3.23625
1200 -10 0
1201 63.7297 4.85719
1202 30.6582 3.5696
1203 45.9987 5.88466
1204 25.3476 2.83103
1205 72.5649 6.26546
1206 19.7966 2.4467
1207 70.0389 5.83809
1208 44.1011 4.02606
1209 38.8721 4.45584
1210 25.0156 2.54107
1211 37.5721 5.14409
1212 45.7303 5.18358
1213 30.4253 3.45445
1214 66.1449 4.7364
1215 67.3208 5.5522
1216 71.3534 14.7348
1217 77.5016 7.98273
1218 54.0801 5.46639
1219 75.2276 14.2595
1220 30.4782 4.29761
1221 24.2331 2.90535
1222 45.8574 5.38988
1223 71.4108 5.83055
1224 0 0
1225 65.3416 6.10511
1226 73.2066 6.62416
1227 36.6332 4.33806
1228 68.5151 5.12117
1229 52.9975 6.09351
1230 64.5141 5.62975
1231 50.4449 5.67239
1232 15.9919 4.82061
1233 69.7885 7.71825
1234 -10 0
1235 38.7837 5.60581
1236 -10 0
1237 57.6128 5.91633
1238 43.6901 4.45965
1239 45.8668 5.37647
1240 41.8265 4.48059
1241 29.6306 3.35814
1242 26.4362 2.93074
1243 39.813 5.08294
1244 45.1135 4.99536
1245 67.8231 4.7132
1246 37.0216 4.88824
1247 72.8109 5.47157
1248 63.467 5.92998
1249 43.0519 5.01157
1250 50.9329 5.33388
1251 41.8134 4.58132
1252 71.6897 15.0362
1253 61.8057 5.97265
1254 77.1324 7.74627
1255 67.2349 6.13736
1256 79.7068 11.8645
1257 61.7198 5.44806
1258 65.9756 7.52853
1259 61.1805 5.97467
1260 71.5705 15.5096
1261 66.8404 19.457
1262 75.502 5.57136
1263 68.2847 5.81223
1264 67.8554 5.97601
1265 62.5174 6.61701
1266 56.825 12.4766
1267 53.096 5.1754
1268 73.2907 7.10193
1269 -10 0
1270 -10 0
1271 46.0224 13.1002
1272 39.4973 4.30735
1273 73.7712 5.14495
1274 48.1747 6.2751
1275 49.9067 6.52923
1276 46.6008 5.17711
1277 66.3033 5.66407
1278 32.8285 3.30144
1279 53.6241 5.18767
1280 42.0085 5.24494
1281 47.35 5.91862
1282 70.0236 6.80794
1283 49.5867 4.84747
1284 -10 0
1285 51.0145 6.59775
1286 48.9888 6.24214
1287 52.0329 4.48959
1288 57.7389 4.65023
1289 13.4176 14.852
1290 45.7953 5.86618
1291 -10 0
1292 64.1388 5.60485
1293 -10 0
1294 67.4818 14.0647
1295 65.7081 6.32272
1296 76.924 14.1527
1297 28.9636 3.13873
1298 53.3074 5.39096
1299 27.6006 4.1859
1300 70.3291 6.42197
1301 52.0649 5.34268
1302 41.0204 4.12032
1303 40.4618 4.61256
1304 37.7929 4.3874
1305 63.12 4.88592
1306 71.0245 4.72621
1307 8.90455 19.0838
1308 69.4068 5.59658
1309 -10 0
1310 76.338 14.7824
1311 68.9845 6.72341
1312 17.3318 5.09346
1313 67.3423 5.33898
1314 64.5962 5.29995
1315 -10 0
1316 67.2407 5.13701
1317 32.8708 5.0111
1318 34.5333 4.54799
1319 76.1194 6.63103
1320 73.9873 13.4337
1321 66.0653 4.92264
1322 85.7346 7.45604
1323 -10 0
1324 68.1773 6.72606
1325 55.514 5.07787
1326 54.1785 5.45113
1327 62.2188 5.44439
1328 59.8952 4.11474
1329 58.4228 6.12062
1330 57.6736 5.94206
1331 42.9346 5.66804
1332 37.7677 5.13433
1333 34.1456 4.08981
1334 70.8562 6.78611
1335 42.5985 4.312
1336 65.7893 5.08457
1337 69.6296 13.8243
1338 58.445 5.65968
1339 69.557 6.28944
1340 75.4623 6.32226
1341 69.566 5.64572
1342 57.726 5.0051
1343 77.6871 4.8437
1344 71.3609 5.4069
1345 64.1139 5.74451
1346 73.828 14.738
1347 71.2807 5.34286
1348 73.216 7.38344
1349 57.6305 6.60988
1350 63.9834 6.91163
1351 50.9993 5.89837
1352 50.6934 5.92668
1353 71.3066 5.08825
1354 34.1283 4.30998
1355 77.7339 14.1607
1356 36.0969 4.70469
1357 69.9229 6.50443
1358 41.0297 4.13097
1359 49.6829 4.46629
1360 65.65 5.54638
1361 34.8416 4.19184
1362 57.7669 5.31215
1363 24.5222 3.74909
1364 39.5871 4.70604
1365 37.2527 4.95265
1366 42.9985 5.07645
1367 46.0251 4.38465
1368 68.0023 7.13147
1369 46.9225 4.98697
1370 49.6922 4.74325
1371 43.3902 4.34363
1372 68.9627 4.23617
1373 69.8354 6.11233
1374 53.5447 4.66244
1375 -10 0
1376 58.1508 6.04199
1377 23.6102 2.63925
1378 38.2068 4.19903
1379 23.7208 2.56
1380 62.2868 5.44627
1381 27.9879 4.00056
1382 35.5106 5.10192
1383 65.3186 5.58095
1384 71.3434 5.87558
1385 32.1513 3.7397
1386 48.0128 5.02852
1387 22.5041 2.84323
1388 29.7845 4.35591
1389 27.6491 3.23369
1390 37.3519 4.97986
1391 71.7949 13.2475
1392 16.8808 1.87917
1393 49.1085 4.90113
1394 15.2818 2.76439
1395 62.3524 5.7687
1396 25.6991 2.81408
1397 8.77942 3.20366
1398 -10 0
1399 37.9222 5.51269
1400 -10 0
1401 19.9095 2.60296
1402 15.003 1.95214
1403 39.3357 4.31899
1404 28.3644 3.79234
1405 33.8427 3.1672
1406 32.7103 4.65062
1407 26.7211 3.20836
1408 42.1811 4.87695
1409 -10 0
1410 37.2666 5.66709
1411 36.3551 4.14341
1412 -10 0
1413 18.3816 2.64616
1414 37.9539 3.52068
1415 41.8505 5.0359
1416 13.3619 4.87061
1417 52.4863 5.35172
1418 21.3903 2.89077
1419 63.7102 5.44442
1420 43.8312 3.79933
1421 40.4137 5.05558
1422 16.0483 2.76214
1423 47.9441 5.14538
1424 16.8224 2.88381
1425 -10 0
1426 26.926 2.64727
1427 27.6289 3.0851
1428 15.0399 4.98045
1429 23.3411 2.65018
1430 29.9064 3.28027
1431 33.0209 5.15313
1432 39.3802 5.21743
1433 30.373 6.01579
1434 34.1078 5.91579
1435 22.3591 3.59508
1436 53.912 5.64764
1437 23.9625 3.47612
1438 51.7348 5.69875
1439 14.5763 2.35948
1440 26.2981 2.37865
1441 67.8884 5.28033
1442 38.2235 7.72739
1443 49.8008 6.48892
1444 18.6239 14.4594
1445 35.026 6.72787
1446 17.2253 8.23636
1447 59.6821 4.9339
1448 40.0465 4.85782
1449 16.664 14.2645
1450 17.3771 7.73115
1451 -10 0
1452 78.2002 6.99874
1453 -10 0
1454 55.8274 3.94793
1455 48.3451 6.23711
1456 45.3385 3.91411
1457 72.3111 5.88996
1458 76.6606 14.0319
1459 48.1985 6.92936
1460 43.7352 4.90178
1461 46.2642 6.96603
1462 72.5891 4.28507
1463 36.0392 11.3501
1464 73.1354 6.47416
1465 34.1659 19.3858
1466 -10 0
1467 45.7195 4.37787
1468 51.2491 5.42723
1469 63.7329 6.70426
1470 76.1224 5.0244
1471 68.2424 5.2232
1472 24.3939 8.27205
1473 48.8896 5.72349
1474 72.8796 7.57223
1475 25.7194 8.69113
1476 46.9736 5.17281
1477 14.2201 6.3473
1478 35.0693 5.07067
1479 27.2757 4.57672
1480 43.1259 5.07041
1481 46.9261 6.57635
1482 51.3261 5.17617
1483 53.7451 6.49416
1484 45.2338 3.83053
1485 66.5061 6.40536
1486 26.6515 7.255
1487 64.2515 6.927
1488 76.5235 7.42657
1489 38.63 5.05371
1490 53.8909 5.41331
1491 56.2337 5.72967
1492 48.2591 6.0625
1493 72.8728 7.64609
1494 52.8227 5.71477
1495 24.3974 3.65362
1496 64.9809 6.35879
1497 35.9238 3.63679
1498 43.1504 5.16572
1499 59.0639 6.20334
1500 61.0164 6.0486
1501 67.5329 5.72505
1502 37.5505 4.31593
1503 24.7067 4.43109
1504 73.0212 7.57978
1505 59.774 6.97666
1506 36.8954 4.70438
1507 49.6779 5.00193
1508 31.8964 4.62765
1509 33.016 4.58781
1510 26.8331 3.87062
1511 57.1681 6.71378
1512 22.6553 2.53224
1513 42.8255 5.3874
1514 16.8207 3.71295
1515 17.7974 3.14349
1516 50.6247 5.68438
1517 30.2494 4.81185
1518 39.8423 5.25185
1519 -5 0
1520 43.3889 5.77139
1521 26.3443 3.69785
1522 15.1897 4.41546
1523 37.6937 4.31719
1524 25.942 2.89801
1525 39.3479 5.54986
1526 62.3662 5.83927
1527 55.7978 4.77874
1528 75.161 6.87423
1529 66.5517 5.73342
1530 32.403 5.24423
1531 69.181 7.52454
1532 33.4003 5.2569
1533 31.2296 5.30195
1534 33.5037 5.41843
1535 36.2424 5.61956
1536 -5 0
1537 -5 0
1538 -5 0
1539 -5 0
1540 -5 0
1541 -10 0
1542 20.4662 2.70254
1543 47.1073 5.3152
1544 14.2491 5.1238
1545 -10 0
1546 55.9464 4.92269
1547 16.8541 14.0211
1548 42.8046 4.84389
1549 23.7296 3.02272
1550 40.8009 4.5194
1551 45.7621 5.9386
1552 -10 0
1553 15.1865 13.668
1554 76.3653 7.45481
1555 81.1641 14.8123
1556 75.3552 14.1606
1557 48.6322 5.29543
1558 77.2522 14.7925
1559 50.9524 5.61659
1560 61.7792 5.40681
1561 62.234 6.64704
1562 -10 0
1563 44.425 5.19975
1564 17.4453 3.09917
1565 34.0841 5.64242
1566 37.9859 7.92974
1567 50.6562 5.42275
1568 51.6615 6.15347
1569 71.8974 7.26177
1570 44.5272 4.70726
1571 75.6465 7.54392
1572 72.4957 5.66979
1573 70.6638 17.7239
1574 59.2812 5.58625
1575 67.6495 4.98986
1576 67.1167 6.79539
1577 36.2127 5.43687
1578 62.2817 17.9293
1579 73.3729 6.07288
1580 58.5224 6.36392
1581 59.4169 5.44338
1582 68.8242 4.89267
1583 78.1383 7.95602
1584 55.41 5.31315
1585 44.8464 4.66292
1586 54.8494 5.54707
1587 51.4075 5.59213
1588 70.8359 7.15972
1589 -10 0
1590 58.0369 5.80435
1591 32.7568 2.97199
1592 20.7233 2.98251
1593 -10 0
1594 60.6469 5.21252
1595 31.7905 3.64876
1596 62.5371 4.61306
1597 53.481 6.43537
1598 -10 0
1599 37.0864 4.03816
1600 54.3084 6.61653
1601 70.0018 5.25776
1602 37.0864 5.25116
1603 59.915 5.97705
1604 58.639 5.26752
1605 52.5542 7.3925
1606 36.4415 5.77853
1607 72.5522 14.6538
1608 45.0512 4.70908
1609 39.1631 5.42844
1610 58.7053 6.34746
1611 70.4389 5.11021
1612 35.3044 3.94718
1613 50.7194 6.27901
1614 35.5419 3.60328
1615 47.8454 6.23251
1616 52.2232 5.8303
1617 19.0228 12.9781
1618 34.6396 4.63165
1619 83.0585 14.0385
1620 22.5634 3.33588
1621 93.8416 14.1008
1622 24.287 3.31337
1623 82.4974 6.80497
1624 36.9144 3.74014
1625 68.6215 6.00799
1626 84.7465 5.87958
1627 28.7162 3.20743
1628 31.8945 3.72773
1629 58.873 4.59133
1630 72.5799 5.42135
1631 72.5053 5.98188
1632 13.1222 13.8956
1633 -10 0
1634 53.4334 5.44805
1635 70.5291 5.09262
1636 63.998 4.99438
1637 14.1969 11.3136
1638 79.1456 13.6164
1639 72.1175 5.99268
1640 71.7838 6.03485
1641 41.5017 4.92836
1642 49.3192 5.89791
1643 47.5569 6.21565
1644 27.1167 3.15001
1645 80.7513 5.30488
1646 83.6134 5.49642
1647 73.5655 5.30534
1648 89.0353 13.8286
1649 67.1108 7.76084
1650 63.4704 5.59712
1651 47.6687 5.38174
1652 50.7127 6.16397
1653 57.7903 2.4531
1654 11.9008 15.3241
1655 70.5147 5.23426
1656 32.2024 3.80597
1657 67.9275 5.45015
1658 75.1871 13.0253
1659 4.2985 10.3731
1660 40.2871 6.25674
1661 75.6991 6.75338
1662 76.736 5.89927
1663 56.9964 5.82868
1664 68.8162 5.32067
1665 63.2875 6.59563
1666 48.8276 5.47101
1667 27.0836 3.97226
1668 39.2714 4.56755
1669 25.7273 2.50548
1670 34.2372 5.59547
1671 52.9221 5.47118
1672 67.3806 10.3213
1673 42.2418 4.60338
1674 73.754 5.37498
1675 63.8019 5.07611
1676 77.6284 7.73043
1677 58.3722 13.4907
1678 76.6875 6.75935
1679 75.8575 19.6842
1680 65.9621 4.77545
1681 32.2754 4.61024
1682 27.667 3.74461
1683 -10 0
1684 53.8293 5.97789
1685 50.9024 5.51122
1686 72.7709 13.7067
1687 -10 0
1688 41.1463 6.05055
1689 34.191 4.90717
1690 38.7684 5.02804
1691 28.6684 7.4249
1692 33.3315 4.31484
1693 49.512 5.41002
1694 37.9539 5.11503
1695 23.735 3.03067
1696 20.0954 2.816
1697 24.0057 2.99904
1698 75.5063 14.2489
1699 56.944 5.66282
1700 63.6055 7.12802
1701 80.1056 15.8651
1702 -10 0
1703 46.2313 5.15647
1704 -10 0
1705 -10 0
1706 45.7399 5.70319
1707 54.1291 12.2424
1708 -10 0
1709 65.3021 1.54394
1710 33.5339 8.35695
1711 37.6691 3.65142
1712 -10 0
1713 86.0335 4.98436
1714 70.9329 15.2939
1715 12.8431 15.5973
1716 55.9222 5.05863
1717 88.1759 14.8939
1718 58.4359 5.71339
1719 49.2493 5.19197
1720 70.802 6.62007
1721 69.3158 6.46732
1722 70.5735 5.90677
1723 -10 0
1724 79.1596 5.56978
1725 39.9512 5.61179
1726 25.5597 2.57374
1727 22.0024 2.50934
1728 15.1777 19.8493
1729 57.8978 5.38586
1730 72.7707 4.5941
1731 -10 0
1732 59.2763 5.87827
1733 54.6122 5.98567
1734 86.4766 14.5237
1735 77.5819 4.19858
1736 72.9514 5.48133
1737 74.4323 18.4332
1738 44.998 5.92251
1739 75.4701 6.05928
1740 85.0561 7.61124
1741 13.0476 12.147
1742 55.6355 5.47099
1743 17.4099 14.5817
1744 18.3618 14.1878
1745 59.3534 2.5883
1746 72.2072 14.0282
1747 56.9722 5.27066
1748 40.8384 4.27055
1749 76.0064 14.1901
1750 69.6765 5.45505
1751 55.7812 4.98038
1752 -10 0
1753 70.3908 5.95441
1754 61.3367 5.95168
1755 38.7747 3.92595
1756 56.6438 5.28551
1757 44.3482 6.2489
1758 -10 0
1759 49.0865 6.16708
1760 62.7296 6.59998
1761 35.0994 4.65428
1762 42.7899 6.0433
1763 30.8614 4.24913
1764 67.193 5.08367
1765 43.9213 5.7314
1766 44.1082 4.71035
1767 67.7855 5.53426
1768 26.2985 7.49922
1769 37.5923 4.88984
1770 57.4157 5.27288
1771 70.8052 5.20893
1772 38.3144 5.4786
1773 35.3933 5.02943
1774 56.5097 6.15184
1775 27.9699 2.91475
1776 28.1941 3.20426
1777 24.9993 2.53728
1778 67.8812 6.33132
1779 35.4612 3.52233
1780 73.8313 15.7107
1781 15.2878 3.3127
1782 55.5084 5.80172
1783 74.1234 6.06053
1784 77.6025 8.10104
1785 52.1552 6.01127
1786 42.6378 4.4594
1787 74.6831 5.71691
1788 79.0234 5.02464
1789 61.1328 15.1291
1790 63.5978 5.86014
1791 16.4777 6.16324
1792 23.5577 3.0131
1793 26.6259 3.33085
1794 21.3533 2.11445
1795 32.0674 3.73846
1796 32.2618 4.71247
1797 68.6682 5.18334
1798 39.5097 4.0129
1799 38.5907 3.71644
1800 21.6967 2.84963
1801 -10 0
1802 57.6865 6.54437
1803 -10 0
1804 66.5856 13.927
1805 42.4442 4.3856
1806 68.0337 7.98549
1807 41.354 4.59495
1808 41.7819 5.22832
1809 48.8891 6.3867
1810 43.5451 4.25984
1811 57.5468 5.65149
1812 59.1817 6.12462
1813 57.991 6.13648
1814 37.3723 4.73288
1815 25.7944 3.89223
1816 29.2709 3.22319
1817 53.4311 5.63678
1818 25.7776 3.44575
1819 20.5342 4.42137
1820 31.7748 3.63161
1821 53.9752 5.94369
1822 42.6657 5.22124
1823 38.4251 4.58231
1824 40.4246 4.64526
1825 60.2159 4.88326
1826 38.2926 4.13156
1827 31.4242 4.6062
1828 34.3922 4.35378
1829 44.0504 4.69339
1830 21.9254 3.37211
1831 -10 0
1832 24.7626 2.94908
1833 69.9893 5.83569
1834 51.8779 5.96718
1835 43.5295 4.66568
1836 51.6271 5.49813
1837 37.9157 5.07567
1838 64.2913 6.69686
1839 -10 0
1840 39.8796 6.02173
1841 0 0
1842 0 0
1843 0 0
1844 0 0
1845 0 0
1846 0 0
1847 0 0
1848 0 0
1849 0 0
1850 0 0
1851 0 0
1852 0 0
1853 0 0
1854 0 0
1855 0 0
1856 0 0
1857 0 0
1858 0 0
1859 0 0
1860 0 0
1861 0 0
1862 0 0
1863 0 0
1864 0 0
1865 0 0
1866 0 0
1867 0 0
1868 0 0
1869 0 0
1870 0 0
1871 0 0
1872 0 0
1873 0 0
1874 0 0
1875 0 0
1876 0 0
1877 0 0
1878 0 0
1879 0 0
1880 0 0
1881 0 0
1882 0 0
1883 0 0
1884 0 0
1885 0 0
1886 0 0
1887 0 0
1888 0 0
1889 0 0
1890 0 0
1891 0 0
1892 0 0
1893 0 0
1894 0 0
1895 0 0
1896 0 0
1897 0 0
1898 0 0
1899 0 0
1900 0 0
1901 0 0
1902 0 0
1903 0 0
1904 0 0
1905 0 0
1906 0 0
1907 0 0
1908 0 0
1909 0 0
1910 0 0
1911 0 0
1912 0 0
1913 0 0
1914 0 0
1915 0 0
1916 0 0
1917 0 0
1918 0 0
1919 0 0
1920 0 0
total number of channels: 1920
Number of dead channels:  169
Number of onepeak channels:  123
