0 0 0
1 0 0
2 0 0
3 0 0
4 0 0
5 0 0
6 0 0
7 0 0
8 0 0
9 0 0
10 0 0
11 0 0
12 0 0
13 0 0
14 0 0
15 0 0
16 0 0
17 0 0
18 0 0
19 0 0
20 0 0
21 0 0
22 0 0
23 0 0
24 0 0
25 0 0
26 0 0
27 0 0
28 0 0
29 0 0
30 0 0
31 0 0
32 0 0
33 0 0
34 0 0
35 0 0
36 0 0
37 0 0
38 0 0
39 0 0
40 0 0
41 0 0
42 0 0
43 0 0
44 0 0
45 0 0
46 0 0
47 0 0
48 0 0
49 0 0
50 0 0
51 0 0
52 0 0
53 0 0
54 0 0
55 0 0
56 0 0
57 0 0
58 0 0
59 0 0
60 0 0
61 0 0
62 0 0
63 0 0
64 0 0
65 0 0
66 0 0
67 0 0
68 0 0
69 0 0
70 0 0
71 0 0
72 0 0
73 0 0
74 0 0
75 0 0
76 0 0
77 0 0
78 0 0
79 0 0
80 0 0
81 32.26 0.171608
82 34.2705 0.475815
83 33.7012 0.520901
84 32.1434 0.302026
85 32.0344 0.841018
86 34.1093 0.565411
87 30.286 1.4196
88 33.4882 0.629038
89 33.2929 0.264573
90 32.5334 0.346531
91 33.66 0.360896
92 33.484 0.287983
93 33.4219 0.648185
94 34.389 0.442894
95 32.3512 0.632609
96 33.3949 0.590897
97 34.1187 0.454244
98 32.5509 0.300997
99 34.3779 0.49565
100 33.3085 0.253811
101 32.9104 0.208817
102 32.018 0.296161
103 34.3238 0.535941
104 33.7313 0.292673
105 34.1663 0.501356
106 33.2214 0.254955
107 34.4535 0.430892
108 34.0808 0.98511
109 31.5624 0.309392
110 31.9123 0.551289
111 33.9507 0.502676
112 0 0
113 33.2142 0.22364
114 33.5243 0.245725
115 31.9417 0.343767
116 34.0871 0.692498
117 34.2596 0.422733
118 33.2286 0.232063
119 33.2824 0.268029
120 35.0496 0.642107
121 0 0
122 34.449 0.529816
123 33.6675 0.318766
124 33.2137 0.269981
125 34.1139 0.50631
126 0 0
127 34.8376 0.596861
128 33.5229 0.297729
129 33.8391 0.378141
130 27.5538 4.64885
131 34.8172 0.656383
132 33.2915 0.287099
133 32.408 0.238191
134 33.4962 0.270954
135 34.6498 0.48748
136 34.3093 0.512742
137 33.1272 0.211699
138 33.3714 0.247141
139 33.1169 0.247957
140 33.3602 0.229708
141 32.6304 0.284525
142 34.4375 0.602194
143 33.6327 0.245418
144 33.4243 0.249472
145 33.8004 0.358604
146 34.5938 0.633437
147 33.7503 0.354212
148 33.5181 0.286245
149 34.516 0.587149
150 47.9439 5.16598
151 33.009 0.642935
152 33.3766 0.317356
153 33.2564 0.239022
154 33.303 0.2614
155 34.8772 0.620995
156 32.7997 0.47397
157 32.981 0.302463
158 34.3088 0.456347
159 33.3975 0.448931
160 33.8458 0.327321
161 30.9513 0.323956
162 34.2155 0.412888
163 30.3789 0.47971
164 34.5287 0.487954
165 31.0596 0.295141
166 33.4179 0.655888
167 32.7108 0.246067
168 32.8272 0.366659
169 32.1678 0.337416
170 32.698 0.35179
171 32.1636 0.303849
172 31.5082 0.231631
173 31.5144 0.322653
174 32.3297 0.278516
175 31.2004 0.769604
176 32.336 0.337107
177 33.805 0.56485
178 33.4337 0.262839
179 34.2724 0.488937
180 32.9127 0.305883
181 32.823 0.354241
182 31.1285 0.251518
183 33.8638 0.495605
184 33.499 0.370946
185 33.2307 0.283128
186 33.1947 0.304496
187 32.0892 0.397513
188 31.145 0.273192
189 31.4503 0.506332
190 32.1247 0.329328
191 32.5304 0.2584
192 35.7446 0.199879
193 32.9888 0.425498
194 31.5674 0.273654
195 31.8273 0.316119
196 31.2655 0.219011
197 31.6879 0.31001
198 32.7693 0.202701
199 32.7667 0.24084
200 33.7055 0.348684
201 32.5177 0.263063
202 32.1228 0.375546
203 32.3779 0.160716
204 32.2 0.272698
205 33.4018 4.49837
206 32.4439 0.282539
207 33.7432 0.624646
208 31.7684 0.316865
209 32.4984 0.215857
210 33.3375 0.276861
211 32.4421 0.275735
212 33.1988 0.277174
213 33.2212 0.262197
214 34.3707 0.401306
215 33.1379 0.29308
216 32.296 0.257508
217 31.4484 0.212359
218 31.9881 0.439384
219 33.5746 0.248084
220 32.678 0.306759
221 32.2679 0.252346
222 30.6678 0.219253
223 31.571 0.0155802
224 31.9861 0.412129
225 32.563 0.293696
226 33.7233 0.376489
227 33.2051 0.262552
228 32.5172 0.248689
229 32.5859 0.288218
230 31.9135 0.291631
231 33.7518 0.309106
232 32.5503 0.213334
233 33.2027 0.26929
234 32.5969 0.216904
235 32.9323 0.373912
236 32.5265 0.288444
237 32.3781 0.196936
238 33.3479 0.251941
239 32.0437 0.32201
240 32.3497 0.246205
241 34.3321 0.509536
242 34.3381 0.512389
243 31.8859 0.300647
244 33.413 0.362598
245 33.1931 0.252741
246 32.2701 0.331511
247 32.2702 0.342279
248 32.6549 0.332299
249 33.2033 0.286891
250 32.478 0.304153
251 32.6483 0.356346
252 32.3948 0.295979
253 32.0757 0.308151
254 31.5709 0.515702
255 31.4197 0.281107
256 30.4879 0.417501
257 32.1308 0.28103
258 32.9277 0.386916
259 31.3748 0.257183
260 32.0574 0.268823
261 31.4297 0.292038
262 32.0621 0.268112
263 31.0665 0.254079
264 32.9278 0.337055
265 31.1664 0.250535
266 32.2154 0.229172
267 32.3006 0.260631
268 31.4276 0.335156
269 33.8918 0.344314
270 31.139 0.781303
271 32.6127 0.61355
272 37.1547 3.10581
273 33.4589 0.310811
274 34.6116 0.71322
275 31.5573 0.342202
276 32.1692 0.387215
277 33.2686 0.264537
278 32.544 0.292336
279 33.5939 0.346161
280 32.4394 0.255682
281 33.6035 0.865299
282 34.9545 0.748229
283 31.7833 0.392593
284 32.2344 0.276263
285 33.0921 0.257941
286 32.2119 0.232997
287 32.4454 0.314856
288 32.562 0.318874
289 31.5917 0.227132
290 33.9489 0.619339
291 33.8559 0.55895
292 31.6271 0.296072
293 33.4849 0.25587
294 34.2537 0.516978
295 32.9705 0.418471
296 32.3562 0.238362
297 34.0863 0.370655
298 32.37 0.266149
299 33.268 0.281139
300 33.9099 0.35086
301 34.4953 0.628058
302 33.2359 0.412107
303 32.5511 0.288941
304 32.1127 0.260627
305 33.3072 0.654762
306 33.6146 0.379913
307 31.7662 0.853926
308 31.5458 0.342324
309 31.285 0.288576
310 31.4763 0.247763
311 32.0732 0.322938
312 31.8586 0.321304
313 32.3326 0.315292
314 32.1122 0.325484
315 32.1599 0.308853
316 31.3886 0.274146
317 31.8988 0.553279
318 32.5281 0.683892
319 31.6678 0.791872
320 33.6287 0.522635
321 31.7125 0.412502
322 31.7628 0.530628
323 32.8788 0.272556
324 32.4203 0.684303
325 33.9695 0.548348
326 32.5963 0.340246
327 33.2899 0.287022
328 32.1517 0.316006
329 32.945 0.278143
330 32.7148 0.742837
331 31.9018 0.950017
332 32.6205 0.330045
333 33.7846 0.511259
334 32.949 0.261035
335 31.87 0.344734
336 31.4713 0.300719
337 33.3799 0.268889
338 34.3013 0.528836
339 32.429 0.296934
340 32.7713 0.445588
341 33.4554 0.639037
342 32.2814 0.330673
343 33.7051 0.456088
344 32.9957 0.434531
345 32.5509 0.292818
346 33.9954 0.611464
347 32.2407 0.343856
348 32.8151 0.385251
349 32.3097 0.327559
350 32.8626 0.26039
351 31.3949 0.639021
352 73.3055 20.9725
353 39.4152 4.75136
354 33.6682 0.455155
355 34.2292 0.550429
356 32.4129 0.29371
357 32.4621 0.309739
358 32.0972 0.33604
359 33.3677 0.240997
360 33.1879 0.268891
361 31.9717 0.27964
362 32.6178 0.334774
363 32.8749 0.475538
364 33.2337 0.265503
365 33.6922 0.467471
366 31.7421 0.383658
367 32.3628 0.274071
368 33.935 0.619127
369 33.0952 0.330038
370 32.8308 0.345718
371 33.6257 0.454071
372 32.6377 0.294517
373 33.3124 0.26059
374 31.5312 0.458061
375 32.9401 0.37405
376 32.5615 0.314807
377 32.6836 0.359442
378 31.323 0.276684
379 31.5576 0.510318
380 33.0324 0.350882
381 33.1479 0.358418
382 32.2559 0.326056
383 32.6068 0.285873
384 33.5595 0.249863
385 33.22 0.267093
386 34.2712 0.524522
387 34.2092 0.426951
388 33.9829 0.483635
389 33.3786 0.33584
390 33.4075 0.272892
391 32.9413 0.430435
392 32.9676 0.444944
393 33.4033 0.28608
394 33.485 0.275929
395 31.2157 0.215586
396 31.9455 0.252963
397 30.7183 0.611118
398 33.6741 0.63668
399 33.6125 0.451753
400 31.421 0.271617
401 33.3067 0.256944
402 34.2129 0.0981627
403 33.5786 0.503186
404 34.2226 0.534388
405 33.8248 0.698171
406 33.8288 0.575936
407 32.5709 0.337818
408 34.6576 0.940089
409 33.0978 0.408737
410 34.5924 0.550682
411 33.7665 0.591448
412 33.4863 0.254659
413 32.5485 0.324826
414 33.3526 0.255791
415 32.2706 0.302548
416 32.2524 0.244226
417 34.9818 0.610933
418 32.543 0.259501
419 33.9093 0.62742
420 33.8306 0.740745
421 32.2453 0.244212
422 33.446 0.604887
423 33.4093 0.720261
424 33.1907 0.803875
425 32.6427 0.925295
426 33.2178 0.916088
427 33.0693 0.270202
428 32.9686 0.297127
429 34.0114 0.531888
430 31.1722 0.289639
431 34.0432 0.614972
432 0 0
433 33.3694 0.729569
434 32.6293 1.00766
435 31.7886 0.410022
436 32.5917 1.20049
437 34.3341 0.24505
438 34.0486 0.232899
439 33.8294 0.705587
440 47.1307 5.25442
441 33.5424 0.713436
442 33.3897 0.755553
443 33.272 0.643519
444 33.121 0.714564
445 34.8769 0.236574
446 33.1788 0.630411
447 32.8172 0.319861
448 33.4937 0.604748
449 32.7639 0.274595
450 32.6295 0.225321
451 32.4504 0.283919
452 33.9997 0.186419
453 33.6672 0.696522
454 33.1423 0.688235
455 32.2611 0.967361
456 45.8198 6.51424
457 32.7216 0.881542
458 32.4189 0.257716
459 33.1933 0.964197
460 32.5474 0.213859
461 32.5721 0.282384
462 32.3439 0.244807
463 33.5196 0.351112
464 32.7298 0.235674
465 33.4722 0.301069
466 31.9906 1.02437
467 32.6237 0.26152
468 33.7184 0.609557
469 34.4299 0.536315
470 34.8095 1.53363
471 32.7525 0.509946
472 33.0716 0.351735
473 34.0713 0.484191
474 33.5888 0.694886
475 34.5278 0.419848
476 33.1241 0.295213
477 33.8836 0.61169
478 32.4947 0.178186
479 33.9923 0.419803
480 32.1321 0.18836
481 33.4856 0.301964
482 32.4627 0.410151
483 33.744 0.551597
484 32.7346 0.515253
485 34.1654 0.56676
486 31.9451 0.248766
487 33.8584 0.486337
488 33.1358 0.753828
489 32.3268 0.237422
490 33.2509 0.625325
491 32.4434 0.708742
492 31.2073 0.298177
493 32.0341 0.296942
494 31.8758 0.335081
495 34.0165 0.667038
496 33.2593 0.335047
497 32.9634 0.308576
498 34.3231 0.470032
499 32.4119 0.216639
500 32.3731 0.200543
501 34.5761 8.26858
502 34.0061 0.478969
503 34.7084 0.477491
504 33.5393 0.302796
505 43.366 5.48115
506 34.1299 0.475819
507 32.3851 0.335199
508 31.0972 0.459394
509 32.8037 0.276628
510 32.3278 0.321282
511 33.6967 0.598661
512 35.719 1.75024
513 32.7402 0.275561
514 31.7481 0.29579
515 32.224 0.255042
516 32.895 0.393094
517 32.3571 0.281658
518 33.1629 0.254513
519 32.8557 0.339614
520 33.1644 0.230758
521 31.9131 0.316156
522 31.6529 0.288911
523 31.6145 0.192794
524 33.3727 0.539775
525 33.4043 0.241155
526 34.3567 0.552392
527 34.0861 0.426494
528 33.4629 0.241147
529 33.37 0.250751
530 31.9641 0.334191
531 0 0
532 33.217 0.287764
533 33.7357 0.317367
534 33.2182 0.244281
535 34.7629 0.505197
536 34.9876 0.582962
537 32.5986 0.193495
538 33.213 0.242216
539 33.3925 0.271204
540 33.3956 0.231048
541 34.3708 0.396823
542 33.1936 0.268343
543 33.6231 0.244953
544 32.9691 0.44541
545 32.7366 0.272941
546 33.8799 0.413289
547 33.7621 0.586647
548 33.6368 0.449241
549 33.2673 0.26246
550 40.8462 285.609
551 34.1433 0.409057
552 34.199 0.481854
553 90.0742 23.9736
554 33.2245 0.269034
555 33.7969 0.638428
556 33.0069 0.289431
557 34.0169 0.192414
558 33.474 0.266554
559 34.0673 0.188018
560 33.0831 0.408059
561 33.5595 0.541515
562 34.2544 0.458698
563 34.791 1.55329
564 34.6452 0.606007
565 32.1901 0.332749
566 34.8204 8.93759
567 33.693 0.64924
568 32.7563 0.401057
569 33.8447 0.700419
570 33.8814 0.126326
571 34.4025 0.385014
572 33.8949 0.61995
573 34.4285 0.598294
574 43.9003 5.73912
575 33.5858 0.292223
576 33.0013 0.264118
577 35.1866 0.320434
578 33.7716 0.435322
579 33.0137 0.332269
580 33.0721 0.303013
581 33.7937 0.271152
582 33.0403 0.305653
583 33.978 0.730428
584 32.8343 0.490773
585 33.9593 0.744658
586 33.8761 0.659248
587 33.2844 0.472396
588 33.42 0.369254
589 32.8312 0.483916
590 34.7031 0.147479
591 49.2136 5.65362
592 0 0
593 34.0872 0.47067
594 31.3114 0.250703
595 32.7452 0.411843
596 32.0941 0.46659
597 32.6719 0.257509
598 32.8365 0.405513
599 34.5146 0.159481
600 34.3502 0.933283
601 147.26 54.6601
602 33.143 0.254953
603 33.4701 0.317728
604 32.7535 0.374309
605 32.8108 0.386843
606 33.3277 0.286429
607 45.1855 4.9256
608 33.8632 0.150199
609 32.3943 0.293658
610 31.7754 0.294781
611 32.3412 0.292762
612 32.1903 0.259077
613 32.8223 0.33361
614 34.0432 0.482537
615 33.4616 0.292164
616 32.648 0.306627
617 35.141 1.06565
618 33.2114 0.287663
619 33.9554 0.380222
620 32.9835 0.205247
621 34.116 0.83963
622 33.3062 0.327152
623 34.1411 0.678012
624 32.9498 0.246347
625 32.6841 0.297577
626 30.2286 0.664005
627 32.1846 0.272113
628 32.7004 0.306627
629 31.3701 0.249223
630 32.5388 0.269031
631 31.1689 0.281766
632 32.0341 0.408145
633 32.3366 0.286169
634 31.4145 0.205215
635 33.1231 0.396223
636 31.9246 0.526047
637 33.0413 0.336541
638 31.406 0.302709
639 32.5744 0.294336
640 32.1189 0.431243
641 31.9342 0.353619
642 32.5537 0.308386
643 32.905 0.294007
644 32.6917 0.268144
645 31.7021 0.651966
646 32.7501 0.438239
647 34.6842 0.765387
648 34.085 0.424747
649 33.6284 0.722357
650 33.5539 0.658829
651 33.9059 0.698165
652 34.4155 0.475136
653 33.8596 0.590888
654 32.104 0.311351
655 32.2493 0.300113
656 32.9811 0.260443
657 33.9611 0.4873
658 34.0801 0.509187
659 0 0
660 33.1158 0.259393
661 32.6096 0.429644
662 34.9697 0.150365
663 32.5521 0.300136
664 32.9776 0.307392
665 33.2318 0.283565
666 33.0383 0.313927
667 34.0927 0.543355
668 33.9692 0.649754
669 33.591 0.341395
670 33.3024 0.280601
671 32.6045 0.318756
672 107.102 71.0051
673 33.408 0.249978
674 33.2371 0.271803
675 32.5426 0.285824
676 33.8368 0.591942
677 32.8701 0.422845
678 33.6516 0.578455
679 34.5792 0.646085
680 32.4941 0.266425
681 0 0
682 33.8666 0.589147
683 33.686 0.545718
684 32.6505 0.314457
685 33.0509 0.286619
686 34.1057 0.525312
687 33.3474 0.28891
688 33.4476 0.271117
689 32.6268 0.211792
690 33.0198 0.261597
691 32.904 0.305444
692 33.0717 0.253013
693 34.3382 0.53054
694 34.0763 0.615314
695 33.5925 0.619709
696 33.3812 0.25025
697 34.0966 0.474068
698 34.2368 0.629688
699 33.5538 0.235029
700 32.8845 0.536851
701 33.1175 0.279373
702 33.7537 0.537266
703 33.8341 0.638514
704 33.3676 0.235829
705 33.3317 0.306992
706 33.2886 0.261904
707 33.3269 0.235729
708 42.7049 4.74594
709 34.1075 0.561647
710 32.83 0.416937
711 33.1945 0.291237
712 32.8897 0.372547
713 33.3231 0.279844
714 33.6638 0.681402
715 34.0883 0.489526
716 32.9219 0.310705
717 34.229 0.423726
718 33.7861 0.630859
719 33.7191 4.28016
720 33.7026 0.470152
721 33.7586 0.39707
722 33.3256 0.658684
723 33.1006 0.302024
724 33.3492 0.265234
725 33.9199 0.406236
726 33.0815 0.29622
727 33.3485 0.318604
728 32.1753 0.285938
729 32.2376 0.267707
730 31.7849 0.318465
731 31.9058 0.433225
732 32.6344 0.306979
733 31.5053 0.296626
734 32.5382 0.30824
735 30.6926 0.29736
736 32.455 0.44741
737 31.2387 0.225049
738 33.2719 0.286954
739 31.0026 0.250388
740 33.3936 0.293165
741 31.1133 0.247513
742 34.1399 0.44161
743 32.8688 0.357673
744 32.1742 0.298955
745 33.7436 0.335429
746 31.802 0.334124
747 33.0665 0.354028
748 32.7237 0.429585
749 35.6341 1.33405
750 31.7005 0.31788
751 31.5036 0.353627
752 35.9543 1.27237
753 34.1524 0.487583
754 34.1727 0.421555
755 32.5209 0.32129
756 34.3796 0.577187
757 32.6902 0.272774
758 34.5569 0.519923
759 33.9376 0.344137
760 32.7989 0.333276
761 32.6711 0.339747
762 31.9296 0.471594
763 33.6794 0.636036
764 34.1131 0.418194
765 33.3617 0.712042
766 32.1074 0.2856
767 33.1109 0.217925
768 32.2383 0.287363
769 32.7502 0.402227
770 33.9674 0.572422
771 33.2247 0.292583
772 33.5148 0.606871
773 33.8086 0.356745
774 33.8148 0.323149
775 32.0689 0.356065
776 32.5723 0.216131
777 32.8077 0.350106
778 31.8826 0.347957
779 34.3549 0.685102
780 32.5118 0.295822
781 31.6683 0.264345
782 33.9122 0.306435
783 32.5174 0.25917
784 32.183 0.26161
785 32.7273 0.323402
786 31.9481 0.763942
787 33.9003 0.607642
788 33.1787 0.264437
789 33.2609 0.365439
790 32.1123 0.288066
791 33.187 0.901192
792 33.9885 0.577647
793 32.1036 0.294755
794 34.0366 0.606207
795 32.7487 0.320058
796 33.3618 0.31375
797 32.1145 0.291264
798 34.3277 0.513941
799 43.5468 5.8432
800 33.425 0.267539
801 32.9658 0.318904
802 33.8887 0.614887
803 32.1482 0.271521
804 32.3496 0.311618
805 33.001 0.229498
806 33.5034 0.274318
807 32.0434 0.305336
808 33.1223 0.433268
809 32.0226 0.380525
810 31.7161 0.364216
811 31.9612 0.401578
812 0 0
813 31.9041 0.319969
814 31.0154 0.381538
815 31.8222 0.353435
816 31.2115 0.304535
817 32.9622 0.438771
818 32.9364 0.435437
819 32.9493 0.24924
820 33.0353 0.644474
821 31.2292 0.246163
822 32.1264 0.283176
823 34.4079 0.53798
824 34.2978 0.473651
825 32.3275 0.295549
826 34.4009 0.571709
827 33.6631 0.294038
828 32.7939 0.559656
829 33.7658 0.669318
830 33.4092 0.384384
831 0 0
832 0 0
833 0 0
834 32.0953 0.364597
835 31.5662 0.292016
836 31.7553 0.318562
837 32.7865 0.337143
838 33.2323 0.261126
839 33.059 0.271282
840 34.7488 0.543415
841 30.8621 0.280978
842 32.8916 0.317916
843 33.0059 0.300545
844 33.7051 0.312171
845 33.291 0.284377
846 33.3486 0.292274
847 33.3889 0.296728
848 32.7234 0.319719
849 32.9388 0.498874
850 34.603 0.564626
851 48.486 245.775
852 33.6857 0.612439
853 33.8174 0.514453
854 32.8351 0.361909
855 33.2229 0.546764
856 34.0516 0.45213
857 32.9009 0.326701
858 32.2715 0.277927
859 34.3882 0.451347
860 32.4792 0.291068
861 33.4306 0.267414
862 33.7575 0.358271
863 32.186 0.260091
864 33.7337 0.354757
865 0 0
866 34.3382 0.442851
867 32.6873 0.33285
868 33.4747 0.269593
869 0 0
870 33.712 0.725918
871 32.5007 0.301682
872 32.8841 0.31168
873 34.2244 0.229588
874 34.2834 0.625662
875 34.4759 0.510883
876 32.6738 0.543218
877 34.734 0.694289
878 32.0133 0.33092
879 33.8844 0.28597
880 0 0
881 32.796 0.345541
882 33.6848 0.422907
883 32.9755 0.356575
884 34.5807 0.518056
885 33.3772 0.270449
886 33.4486 0.455275
887 33.4362 0.26937
888 33.8992 0.626025
889 32.7363 0.238294
890 32.5959 0.361761
891 32.6299 0.349915
892 31.0726 4.84048
893 34.6022 0.533204
894 32.9598 0.310223
895 36.3921 4.77079
896 33.4105 0.302958
897 32.8853 0.520058
898 33.6376 0.371324
899 33.051 0.261302
900 33.5249 0.300642
901 32.7526 0.295115
902 33.3064 0.261854
903 33.2688 0.256935
904 31.8298 0.342721
905 33.3984 0.302953
906 33.9336 0.535056
907 35.7427 1.02258
908 34.6647 1.54955
909 34.6902 0.611545
910 32.745 0.310559
911 34.2391 0.569545
912 117.443 130.087
913 34.2733 0.376535
914 33.8169 0.499335
915 0 0
916 32.321 0.563841
917 32.1033 0.247234
918 34.958 1.00511
919 34.0494 0.458049
920 34.3681 0.509694
921 32.2561 0.51141
922 34.6538 1.56957
923 33.0301 0.414862
924 34.3214 0.491912
925 32.4277 0.328768
926 34.2539 0.483519
927 30.4436 0.417549
928 34.675 0.507553
929 33.1388 0.272889
930 28.3679 5.83334
931 4.57047 5.2271
932 19.3988 6.5376
933 32.2637 0.21327
934 34.8939 0.767733
935 34.4338 0.506337
936 34.0148 0.178145
937 43.3643 5.20784
938 35.1339 0.984669
939 34.3123 0.4471
940 34.6418 0.526724
941 50.8129 5.15163
942 22.5208 5.75816
943 33.2895 0.301112
944 34.0156 0.315844
945 83.8261 12.9734
946 33.2691 0.291454
947 33.0612 0.339393
948 18.6011 6.08187
949 21.0454 5.49148
950 33.5868 0.428758
951 33.6839 2.00528
952 0 0
953 22.3184 1.72063
954 -43.5563 18.5323
955 4.30493 5.4589
956 0 0
957 30.2848 0.566804
958 0 0
959 31.2608 0.444028
960 0 0
961 32.3843 0.199035
962 33.1849 0.259304
963 32.49 0.374332
964 32.9989 0.281401
965 32.5718 0.287033
966 32.7049 0.213645
967 33.0543 0.248522
968 32.5612 0.29521
969 0 0
970 33.0096 0.279913
971 34.2174 0.476104
972 34.3709 0.403425
973 33.9356 0.441395
974 32.2752 0.276798
975 33.387 0.480299
976 0 0
977 30.6964 0.628451
978 0 0
979 0 0
980 31.6943 1.14334
981 31.2682 0.337591
982 0 0
983 0 0
984 0 0
985 33.174 0.392349
986 35.1031 0.389915
987 33.1944 0.381207
988 31.9742 0.530254
989 30.9763 0.434218
990 31.5843 0.395695
991 31.6674 0.277225
992 50.1555 4.3114
993 32.1329 0.379532
994 31.1711 0.237662
995 32.0759 0.398187
996 34.6225 0.379465
997 34.3777 0.54783
998 34.3817 0.496612
999 33.2248 0.249395
1000 33.9601 0.397972
1001 51.5614 7.93859
1002 36.8927 2.30328
1003 33.1192 0.406677
1004 34.1178 0.102911
1005 0 0
1006 33.3989 0.536691
1007 100.908 85.9211
1008 31.7641 0.227697
1009 34.6572 0.605141
1010 34.7548 0.657855
1011 50.1644 5.60521
1012 0 0
1013 34.2045 0.591178
1014 34.8467 0.606605
1015 33.7721 0.412453
1016 32.2214 0.289583
1017 34.309 0.53909
1018 32.3922 0.224053
1019 33.2838 0.263952
1020 32.6066 0.338342
1021 31.9929 0.384345
1022 0 0
1023 34.5583 0.409667
1024 32.0078 0.428885
1025 34.195 0.860624
1026 34.3876 0.513178
1027 22.1866 5.82879
1028 40.4096 5.11271
1029 96.6908 23.9846
1030 34.3151 0.362854
1031 57.4693 6.08231
1032 30.8239 4.70608
1033 31.0891 4.7994
1034 31.0409 0.198219
1035 0 0
1036 0 0
1037 0 0
1038 30.1722 0.635585
1039 31.3938 0.210426
1040 36.4019 2.11739
1041 33.496 0.283021
1042 0 0
1043 32.7047 0.345932
1044 32.9118 0.473952
1045 33.5724 0.326125
1046 32.2025 0.217542
1047 33.4189 0.269139
1048 32.3917 0.315402
1049 32.2364 0.266413
1050 33.1489 0.276214
1051 33.4295 0.278074
1052 34.3259 0.43329
1053 33.7849 0.387819
1054 33.411 0.671287
1055 33.7742 0.313457
1056 32.4643 0.497395
1057 30.3318 0.183602
1058 31.886 0.369937
1059 32.7579 0.326344
1060 32.6266 0.343493
1061 31.9644 0.341558
1062 33.3073 0.270237
1063 32.4358 0.2609
1064 32.551 0.244884
1065 32.5125 0.34379
1066 32.2019 0.235749
1067 31.323 0.233103
1068 32.3497 0.558634
1069 30.8436 0.29404
1070 31.28 0.660666
1071 33.0901 1.02353
1072 37.2616 1.21372
1073 31.7504 0.276223
1074 30.4925 0.309175
1075 31.5801 0.339721
1076 31.806 0.367322
1077 31.8721 0.352314
1078 32.0088 0.385994
1079 31.9698 0.388349
1080 0 0
1081 32.5766 0.564333
1082 48.3733 5.74939
1083 31.2465 0.216218
1084 31.8416 0.312616
1085 31.3305 0.249281
1086 32.2161 0.284087
1087 31.3503 0.231295
1088 32.5989 0.302157
1089 32.9254 0.300542
1090 30.6767 0.238169
1091 32.0465 0.212113
1092 34.6355 0.563158
1093 33.5526 0.568709
1094 32.1825 0.262601
1095 31.4114 0.199773
1096 31.8546 0.367799
1097 31.6262 0.233292
1098 32.0021 0.395192
1099 32.0662 0.407538
1100 31.7386 0.3069
1101 32.2912 0.857595
1102 29.8039 0.694831
1103 31.6678 0.277021
1104 31.3444 0.194614
1105 33.5941 0.328918
1106 32.1257 0.237162
1107 32.298 0.768777
1108 32.7033 0.280982
1109 34.09 0.186713
1110 31.5772 0.351679
1111 32.5756 0.358661
1112 33.6486 3.6376
1113 34.7477 0.806307
1114 30.7004 0.935585
1115 34.0782 0.39168
1116 34.4507 0.49036
1117 31.8309 0.490884
1118 29.8709 0.525456
1119 36.1405 1.65198
1120 32.3224 0.497859
1121 32.5635 0.221044
1122 33.028 0.361014
1123 31.9713 0.274114
1124 33.8577 0.482544
1125 32.276 0.19809
1126 33.8431 0.439317
1127 31.364 0.28627
1128 32.1436 0.25823
1129 33.5917 0.303375
1130 32.09 0.245409
1131 33.2143 0.26719
1132 31.8594 0.460071
1133 31.7443 0.351581
1134 31.2174 0.257465
1135 30.8699 0.270854
1136 30.9727 0.382648
1137 31.1866 0.253556
1138 31.393 0.272313
1139 31.645 0.249042
1140 29.8033 0.638475
1141 32.337 0.300765
1142 30.988 0.325497
1143 32.2239 0.262382
1144 29.8284 0.581134
1145 31.0639 0.273932
1146 32.0798 0.256529
1147 27.9804 1.9786
1148 31.8546 0.386133
1149 32.0225 0.445463
1150 31.6126 0.315063
1151 31.0605 0.275336
1152 36.1329 1.49342
1153 32.2638 0.276973
1154 31.546 0.296874
1155 31.4235 0.209756
1156 30.8144 0.31259
1157 33.5607 0.31017
1158 34.0277 0.497312
1159 32.9263 0.244663
1160 33.2602 0.305622
1161 31.1419 0.267214
1162 32.399 0.325538
1163 32.3039 0.444835
1164 30.5634 0.249429
1165 32.483 0.332779
1166 31.3184 0.210709
1167 31.487 0.267356
1168 30.8526 0.296875
1169 32.2241 0.301988
1170 32.9913 0.337534
1171 32.387 0.194118
1172 32.2644 0.288968
1173 33.3487 0.239721
1174 33.1387 0.279499
1175 32.1427 0.340443
1176 31.6029 0.235071
1177 33.1784 0.282629
1178 31.2175 0.306625
1179 33.2966 0.252429
1180 31.4459 0.356519
1181 31.3065 0.289705
1182 30.6607 0.367621
1183 31.2887 0.277875
1184 29.3818 0.462175
1185 33.6421 0.447893
1186 33.2249 0.299004
1187 33.244 0.256489
1188 31.5958 0.537736
1189 32.9155 0.516888
1190 32.0604 0.30116
1191 32.9286 0.351718
1192 33.0225 0.299524
1193 33.563 0.649195
1194 33.4123 0.284046
1195 32.256 0.317932
1196 33.6624 0.598293
1197 34.3281 0.471531
1198 33.9762 0.543385
1199 34.0613 0.509431
1200 30.8253 0.437609
1201 31.8505 0.306889
1202 33.6997 0.394928
1203 32.9074 0.459642
1204 33.9779 0.543166
1205 31.5442 0.299116
1206 34.3299 0.0957636
1207 31.6733 0.437553
1208 33.0431 0.275376
1209 33.3087 0.25448
1210 33.9945 0.567999
1211 33.3309 0.255184
1212 32.9447 0.230756
1213 33.7007 0.446105
1214 31.9285 0.274113
1215 31.6622 0.31064
1216 31.158 0.262133
1217 31.3075 0.24185
1218 32.6937 0.229254
1219 31.4901 0.220754
1220 33.5998 0.261002
1221 34.0227 0.467258
1222 32.8485 0.330059
1223 31.8601 0.337854
1224 0 0
1225 32.0479 0.405289
1226 31.1687 0.22638
1227 33.2707 0.266181
1228 31.6577 0.249988
1229 32.3357 0.556888
1230 31.6046 0.287589
1231 32.5488 0.315235
1232 36.4218 1.05097
1233 31.6717 0.309625
1234 30.9564 0.25593
1235 33.2166 0.44446
1236 30.9689 0.2721
1237 32.479 0.250839
1238 33.136 0.272725
1239 32.8844 0.355993
1240 33.1837 0.295511
1241 33.6482 0.426316
1242 33.7264 0.288715
1243 33.1658 0.437919
1244 32.9431 0.349217
1245 32.0989 0.228988
1246 33.3084 0.359228
1247 31.8009 0.29611
1248 32.3051 0.24391
1249 33.0184 0.278452
1250 32.4299 0.311334
1251 33.0897 0.288636
1252 31.5135 0.237195
1253 32.0737 0.313819
1254 31.4271 0.18782
1255 32.0117 0.282734
1256 31.2664 0.234282
1257 32.2693 0.243525
1258 30.4472 0.393
1259 32.1983 0.264101
1260 31.5346 0.229942
1261 30.7494 0.319996
1262 31.4075 0.202575
1263 31.4941 0.236628
1264 31.5732 0.199688
1265 31.9932 0.284169
1266 31.2335 0.298455
1267 32.5351 0.254992
1268 31.4867 0.312649
1269 31.1393 0.294527
1270 24.5818 2.89155
1271 30.563 1.81821
1272 33.2913 0.263517
1273 31.0874 0.270804
1274 32.7459 0.412474
1275 32.5502 0.346819
1276 32.8401 0.256975
1277 31.8242 0.404087
1278 33.4856 0.269465
1279 32.2391 0.436456
1280 32.8858 0.37288
1281 32.7222 0.362944
1282 31.5018 0.296691
1283 32.4088 0.359401
1284 0 0
1285 32.3955 0.363252
1286 32.6336 0.351106
1287 32.5185 0.555818
1288 32.1701 0.222201
1289 36.0738 2.50036
1290 32.8376 0.291175
1291 30.6459 0.359491
1292 31.7249 0.412055
1293 30.7149 0.31062
1294 30.1874 0.212894
1295 31.6969 0.350263
1296 31.0736 0.338157
1297 33.6636 0.244254
1298 32.3492 0.325531
1299 33.7674 0.268568
1300 32.0698 0.290722
1301 32.7227 0.327226
1302 33.2021 0.256959
1303 33.2161 0.25598
1304 33.2647 0.23285
1305 32.3596 0.418261
1306 32.0389 0.243145
1307 30.8175 0.275442
1308 31.6034 0.386708
1309 30.1876 0.362817
1310 31.1201 0.270354
1311 31.4652 0.786673
1312 35.3353 1.25348
1313 32.4042 0.219915
1314 32.1228 0.366604
1315 31.2046 0.237901
1316 31.7634 0.324597
1317 33.4703 0.276293
1318 33.4546 0.239434
1319 31.5163 0.224642
1320 31.4804 0.24248
1321 31.8834 0.387869
1322 31.4085 0.322728
1323 30.6966 0.329904
1324 31.6517 0.312339
1325 32.5778 0.2333
1326 32.5452 0.169596
1327 32.1298 0.264614
1328 32.4155 0.224222
1329 31.9895 0.33456
1330 31.9874 0.209096
1331 33.0257 0.263987
1332 33.2088 0.29514
1333 33.5231 0.397818
1334 31.6951 0.286943
1335 33.1019 0.277935
1336 32.2208 0.249232
1337 30.7925 0.296889
1338 32.4414 0.183042
1339 31.99 0.32281
1340 31.4801 0.188948
1341 31.7983 0.214263
1342 32.4486 0.208467
1343 31.83 0.361628
1344 31.7684 0.345116
1345 31.7282 0.421392
1346 31.2429 0.29273
1347 31.4905 0.214515
1348 31.1449 0.264687
1349 32.1036 0.35014
1350 31.8214 0.665095
1351 32.6504 0.578497
1352 32.5916 0.364377
1353 31.3983 0.692255
1354 33.4798 0.295199
1355 31.1435 0.792274
1356 33.3794 0.291235
1357 31.4122 0.259613
1358 33.0908 0.293717
1359 32.5267 0.317088
1360 31.9723 0.682785
1361 33.4423 0.269486
1362 32.1665 0.269074
1363 34.0227 0.526378
1364 33.1854 0.389468
1365 33.3294 0.2683
1366 32.997 0.287982
1367 32.8804 0.337812
1368 31.5072 0.267232
1369 32.7024 0.195398
1370 32.5092 0.288467
1371 33.0519 0.26589
1372 31.4719 0.266664
1373 31.4669 0.278813
1374 32.5088 0.202735
1375 31.137 0.275292
1376 31.563 0.387521
1377 34.0648 0.401629
1378 33.2934 0.241377
1379 34.0502 0.326183
1380 32.3417 0.254976
1381 33.8088 0.504812
1382 33.3588 0.469721
1383 32.1783 0.272013
1384 31.6952 0.261714
1385 33.5171 0.263475
1386 32.7754 0.291821
1387 34.0248 0.327342
1388 34.9049 1.13021
1389 37.711 2.88517
1390 33.5349 0.652742
1391 31.4008 0.230434
1392 52.7368 6.09754
1393 32.811 0.339434
1394 34.587 0.479669
1395 31.8344 0.304056
1396 34.0165 0.525002
1397 35.0018 0.667458
1398 38.7917 6.46415
1399 33.3106 0.270535
1400 69.3648 10.2533
1401 45.4917 5.02137
1402 0 0
1403 33.0796 0.368638
1404 33.6633 0.299001
1405 33.476 0.250115
1406 33.4444 0.270061
1407 33.8482 0.304534
1408 33.1683 0.266716
1409 28.2685 4.92507
1410 32.8404 0.553023
1411 32.8357 0.384748
1412 28.8125 9.29587
1413 34.3833 0.419868
1414 33.1423 0.317323
1415 33.1595 0.259619
1416 34.5949 0.58013
1417 32.5427 0.312567
1418 34.1894 0.485655
1419 31.8247 0.343487
1420 33.054 0.346413
1421 33.2052 0.270402
1422 34.5169 0.48096
1423 32.74 0.297123
1424 34.4148 0.403039
1425 30.0529 4.90641
1426 33.1665 0.413641
1427 33.5385 0.326368
1428 34.4552 0.431764
1429 33.7137 0.490358
1430 33.418 0.418144
1431 33.0923 0.392932
1432 32.645 0.68003
1433 33.6439 0.860339
1434 33.4361 0.318958
1435 34.165 0.582764
1436 32.2887 0.742326
1437 34.058 0.564907
1438 32.229 0.355926
1439 0 0
1440 36.9991 2.08915
1441 31.6977 0.365161
1442 33.2722 0.766762
1443 32.5326 0.528452
1444 34.3627 0.775062
1445 33.4075 0.900237
1446 34.754 1.0675
1447 32.0976 0.47856
1448 33.2007 0.422544
1449 34.4943 0.866157
1450 34.4831 0.858299
1451 32.3228 0.514123
1452 30.952 0.446241
1453 31.0391 0.984165
1454 32.2582 0.683436
1455 32.2745 0.891797
1456 31.0287 1.82926
1457 31.9353 0.277637
1458 30.5708 1.11082
1459 32.4859 1.2417
1460 32.4519 0.475899
1461 32.2662 0.461601
1462 31.3119 1.18584
1463 33.6611 1.25339
1464 31.2018 0.3689
1465 33.8206 1.54013
1466 38.1145 3.56457
1467 32.4791 1.47651
1468 0 0
1469 30.8477 0.506409
1470 30.4866 0.699073
1471 31.4168 1.0134
1472 34.7344 1.71775
1473 32.5221 0.662215
1474 31.2449 0.369439
1475 34.0879 0.937117
1476 31.6129 0.335537
1477 34.6703 0.488032
1478 33.4089 0.314653
1479 33.8709 0.592248
1480 33.0127 0.476933
1481 32.11 1.3496
1482 31.6782 0.395963
1483 31.8566 0.694056
1484 33.3851 1.33379
1485 32.1608 0.282469
1486 33.8782 1.62198
1487 32.1747 0.427135
1488 30.2631 1.90069
1489 33.177 0.312526
1490 32.2188 0.305528
1491 32.1513 0.210772
1492 32.6201 0.338326
1493 31.2801 0.706509
1494 32.3694 0.320004
1495 34.0342 0.627467
1496 31.7534 0.362831
1497 33.3449 0.332681
1498 33.0281 0.43136
1499 32.1246 0.513208
1500 31.9086 0.369557
1501 31.6814 0.368233
1502 33.3088 0.372119
1503 34.0102 0.211964
1504 31.1989 0.426082
1505 31.9667 0.338636
1506 33.318 0.682701
1507 32.4653 0.283227
1508 33.6053 0.453786
1509 33.5461 0.232099
1510 33.89 0.250968
1511 32.0675 0.312026
1512 34.1514 0.563469
1513 32.1273 0.371629
1514 34.3519 0.396498
1515 34.3559 0.431615
1516 31.6554 0.486617
1517 33.0682 0.407471
1518 30.6779 2.26903
1519 102.316 35.2473
1520 32.2692 0.466926
1521 33.9258 0.593205
1522 34.5493 0.488297
1523 33.3735 0.2324
1524 33.9491 0.606248
1525 33.2331 0.298591
1526 31.9412 0.312194
1527 32.2552 0.224943
1528 31.2338 0.209186
1529 31.717 0.372996
1530 33.621 0.453532
1531 31.5916 0.564376
1532 33.5179 0.324959
1533 33.6808 0.434784
1534 33.5748 0.415781
1535 33.2813 0.301602
1536 0 0
1537 101.421 33.6767
1538 107.564 75.479
1539 55.3053 5.74565
1540 49.7622 6.00521
1541 48.0821 6.5469
1542 34.2825 0.543
1543 32.6576 0.231682
1544 34.6717 0.502093
1545 42.4998 4.64949
1546 32.2099 0.243925
1547 34.4624 0.190619
1548 33.0178 0.298503
1549 34.0698 0.478493
1550 33.1508 0.260842
1551 32.9021 0.324901
1552 0 0
1553 0 0
1554 31.3696 0.243904
1555 31.1785 0.248918
1556 31.2941 0.225348
1557 32.5148 0.294272
1558 31.0712 0.241134
1559 32.623 0.245525
1560 32.1467 0.256453
1561 31.858 0.384423
1562 34.5308 5.01633
1563 32.9281 0.365786
1564 34.4693 0.429056
1565 33.4935 0.294866
1566 33.2651 0.307739
1567 32.5057 0.296419
1568 32.4478 0.306951
1569 31.3079 0.264166
1570 33.04 0.291346
1571 31.2205 0.253689
1572 31.3038 0.242155
1573 30.6163 0.189222
1574 32.254 0.259628
1575 31.548 0.257466
1576 31.7657 0.251663
1577 33.3848 0.26777
1578 31.8837 0.330737
1579 31.4359 0.169951
1580 31.9403 0.289778
1581 32.1419 0.275394
1582 30.6017 0.167098
1583 31.1741 0.243842
1584 32.3758 0.267163
1585 32.8247 0.744119
1586 32.3652 0.205347
1587 32.4518 0.241622
1588 31.2943 0.263855
1589 0 0
1590 32.189 0.263311
1591 33.5885 0.320376
1592 34.2528 0.500571
1593 0 0
1594 32.0092 0.311557
1595 33.6273 0.276649
1596 31.7652 0.3233
1597 32.4039 0.234296
1598 30.3558 0.394655
1599 33.3249 0.269487
1600 32.2585 0.312919
1601 31.2461 0.263788
1602 33.2722 0.461117
1603 32.1031 0.260303
1604 32.1107 0.23038
1605 32.3863 0.349137
1606 33.2247 0.3514
1607 31.443 0.228578
1608 32.9424 0.30723
1609 33.2356 0.245427
1610 32.1107 0.26836
1611 31.6454 0.267436
1612 33.3884 0.269773
1613 32.6137 0.347922
1614 33.3886 0.247606
1615 32.5836 0.342232
1616 32.4504 0.879551
1617 31.3743 0.260825
1618 33.3477 0.25037
1619 31.3662 0.251356
1620 34.1169 0.561344
1621 31.6267 0.305466
1622 33.9693 0.345492
1623 31.9451 0.365226
1624 33.2903 0.21951
1625 32.1102 0.471058
1626 31.9249 0.353615
1627 33.6428 0.319532
1628 33.3897 0.480087
1629 31.853 0.283233
1630 31.2291 0.279139
1631 31.4672 0.314492
1632 36.8686 1.20796
1633 30.9721 0.270887
1634 32.385 0.265515
1635 31.622 0.313732
1636 31.882 0.323346
1637 31.1691 0.278407
1638 31.2345 0.246624
1639 31.584 0.265343
1640 31.7508 0.29132
1641 32.9587 0.415256
1642 32.6103 0.353529
1643 32.8785 0.449082
1644 33.8229 0.349941
1645 31.5007 0.284579
1646 31.7185 0.338678
1647 31.0409 0.278237
1648 31.521 0.281481
1649 31.6004 0.234664
1650 31.7997 0.609966
1651 32.7497 0.39586
1652 32.4421 0.306571
1653 30.7364 0.342671
1654 31.1948 0.263249
1655 31.8672 0.337514
1656 33.5602 0.258932
1657 31.5685 0.254769
1658 31.4769 0.218133
1659 30.1354 0.630643
1660 33.1604 0.44961
1661 31.1527 0.346593
1662 31.343 0.235142
1663 32.3799 0.234606
1664 31.7317 0.287619
1665 31.7141 0.4264
1666 32.6369 0.287561
1667 33.8737 0.598908
1668 33.2276 0.253011
1669 33.9539 0.525763
1670 33.5084 0.28905
1671 32.3359 0.31052
1672 30.7332 0.875709
1673 32.97 0.357297
1674 31.1412 0.236697
1675 31.7047 0.248912
1676 31.2418 0.726446
1677 30.9673 0.346873
1678 31.1554 0.336186
1679 30.7046 0.330553
1680 31.5284 0.271452
1681 33.6034 0.644891
1682 33.8621 0.570797
1683 30.9216 0.293566
1684 32.4946 0.277565
1685 32.482 0.314735
1686 31.5284 0.287505
1687 31.1208 0.267957
1688 33.1227 0.305318
1689 33.534 0.291688
1690 33.2374 0.304836
1691 33.8028 0.639254
1692 33.5888 0.554137
1693 32.6123 0.292415
1694 33.303 0.392048
1695 34.0712 0.548715
1696 34.3102 0.129002
1697 34.0509 0.492299
1698 31.5123 0.284434
1699 32.3255 0.292307
1700 32.0686 0.847728
1701 31.2994 0.252415
1702 30.4215 0.500584
1703 32.9367 0.277166
1704 31.194 0.279853
1705 30.9863 0.318325
1706 32.8872 0.289249
1707 30.4182 0.429032
1708 30.7282 0.384608
1709 0 0
1710 33.6007 0.385802
1711 33.2992 0.266519
1712 64.8687 7.55941
1713 31.6326 0.267855
1714 30.8439 0.241394
1715 30.3801 0.306717
1716 32.0937 0.386388
1717 31.5035 0.266094
1718 32.5314 0.263452
1719 32.7821 0.330448
1720 30.8719 0.3025
1721 31.4805 0.297615
1722 31.4664 0.311839
1723 31.0436 0.289884
1724 31.0229 0.246602
1725 33.1236 0.327224
1726 33.941 0.496448
1727 34.4262 0.939504
1728 35.3383 0.245879
1729 32.0501 0.352254
1730 31.4783 0.244935
1731 31.0947 0.23584
1732 32.0743 0.237105
1733 32.5008 0.278756
1734 31.8035 0.298271
1735 31.6151 0.276468
1736 32.2778 0.224758
1737 31.0091 0.234879
1738 32.872 0.375402
1739 32.1745 0.230077
1740 31.8785 0.354199
1741 30.0788 0.7112
1742 32.3518 0.324889
1743 31.3498 0.225471
1744 31.4246 0.245801
1745 30.0684 0.372242
1746 31.4146 0.224858
1747 32.3434 0.178279
1748 33.2103 0.272074
1749 31.2555 0.227956
1750 30.76 0.30422
1751 32.2784 0.251673
1752 30.5681 0.308882
1753 30.6669 0.21364
1754 32.1184 0.288658
1755 33.3214 0.270697
1756 32.2499 0.273944
1757 32.9943 0.387497
1758 30.9428 0.283591
1759 32.5451 0.324892
1760 29.6351 0.876528
1761 33.4465 0.294636
1762 32.7505 0.423315
1763 33.6571 0.335427
1764 31.5754 0.328697
1765 33.0033 0.277784
1766 32.8478 0.339247
1767 31.5117 0.398113
1768 33.9215 0.611928
1769 33.3009 0.292139
1770 32.1434 0.309182
1771 31.4634 0.354262
1772 33.239 0.260124
1773 33.4611 0.635602
1774 32.1485 0.310565
1775 33.8226 0.472973
1776 33.7878 0.46056
1777 33.9133 0.317466
1778 32.0892 0.447809
1779 33.4056 0.242115
1780 31.5138 0.252025
1781 34.5267 0.446103
1782 32.418 0.280855
1783 31.8153 0.318675
1784 31.4584 0.271895
1785 32.6107 0.306024
1786 33.1507 0.222614
1787 31.7116 0.282211
1788 31.54 0.291779
1789 31.7747 0.324752
1790 31.8628 0.433625
1791 34.4863 0.49048
1792 34.0887 0.583127
1793 33.8241 0.355321
1794 34.1192 0.42213
1795 33.3581 0.527199
1796 33.482 0.555356
1797 31.9088 0.390743
1798 33.2059 0.262234
1799 33.2984 0.243052
1800 34.1472 0.435449
1801 31.1842 0.261871
1802 32.1061 0.385657
1803 31.0821 0.312973
1804 30.7202 0.460525
1805 33.1676 0.250481
1806 31.7354 0.301811
1807 33.1831 0.230873
1808 33.152 0.276142
1809 32.6105 0.272691
1810 33.056 0.409354
1811 32.1356 0.348584
1812 32.135 0.278051
1813 32.4479 0.261682
1814 33.3349 0.259863
1815 33.884 0.353011
1816 33.7072 0.318032
1817 32.616 0.257675
1818 33.8183 0.268159
1819 34.2452 0.542243
1820 33.5134 0.324555
1821 32.5428 0.286765
1822 33.0611 0.396286
1823 33.2214 0.295497
1824 33.2008 0.239659
1825 31.3738 0.327839
1826 33.2903 0.266729
1827 33.6032 0.315269
1828 33.5163 0.300949
1829 32.9486 0.342195
1830 34.174 0.494874
1831 28.9615 5.34623
1832 34.0105 0.447835
1833 31.5536 0.217652
1834 32.4794 0.330074
1835 33.056 0.267218
1836 32.485 0.336112
1837 33.2582 0.285268
1838 31.7492 0.352323
1839 30.8106 0.2812
1840 33.1319 0.451776
1841 0 0
1842 0 0
1843 0 0
1844 0 0
1845 0 0
1846 0 0
1847 0 0
1848 0 0
1849 0 0
1850 0 0
1851 0 0
1852 0 0
1853 0 0
1854 0 0
1855 0 0
1856 0 0
1857 0 0
1858 0 0
1859 0 0
1860 0 0
1861 0 0
1862 0 0
1863 0 0
1864 0 0
1865 0 0
1866 0 0
1867 0 0
1868 0 0
1869 0 0
1870 0 0
1871 0 0
1872 0 0
1873 0 0
1874 0 0
1875 0 0
1876 0 0
1877 0 0
1878 0 0
1879 0 0
1880 0 0
1881 0 0
1882 0 0
1883 0 0
1884 0 0
1885 0 0
1886 0 0
1887 0 0
1888 0 0
1889 0 0
1890 0 0
1891 0 0
1892 0 0
1893 0 0
1894 0 0
1895 0 0
1896 0 0
1897 0 0
1898 0 0
1899 0 0
1900 0 0
1901 0 0
1902 0 0
1903 0 0
1904 0 0
1905 0 0
1906 0 0
1907 0 0
1908 0 0
1909 0 0
1910 0 0
1911 0 0
1912 0 0
1913 0 0
1914 0 0
1915 0 0
1916 0 0
1917 0 0
1918 0 0
1919 0 0
