       145  40.40000    
       146  40.40000    
       147  40.40000    
       148  40.40000    
       149  40.40000    
       150  40.40000    
       151  40.40000    
       152  40.40000    
       153  40.40000    
       154  40.40000    
       155  40.40000    
       156  40.40000    
       157  40.40000    
       141  40.40000    
       158  40.40000    
       142  40.40000    
       159  40.40000    
       143  40.40000    
       160  40.40000    
       144  40.40000    
       100  34.00000    
        81  34.00000    
        99  34.00000    
        82  34.00000    
        98  34.00000    
        83  34.00000    
       103  34.00000    
        84  34.00000    
        85  34.00000    
        86  34.00000    
        87  34.00000    
        88  34.00000    
        89  34.00000    
        90  34.00000    
        91  34.00000    
        92  34.00000    
        93  34.00000    
        94  34.00000    
        95  34.00000    
        96  34.00000    
       125  37.80000    
       126  37.80000    
       127  37.80000    
       128  37.80000    
       129  37.80000    
       130  37.80000    
       131  37.80000    
       132  37.80000    
       133  37.80000    
       134  37.80000    
       135  37.80000    
       136  37.80000    
       137  37.80000    
       138  37.80000    
       122  37.80000    
       139  37.80000    
       123  37.80000    
       140  37.80000    
       124  37.80000    
       120  35.80000    
       101  35.80000    
       119  35.80000    
       102  35.80000    
       118  35.80000    
       117  35.80000    
       104  35.80000    
       105  35.80000    
       106  35.80000    
       107  35.80000    
       108  35.80000    
       109  35.80000    
       110  35.80000    
       111  35.80000    
       112  35.80000    
       113  35.80000    
       114  35.80000    
       115  35.80000    
       116  35.80000    
       225  40.40000    
       226  40.40000    
       227  40.40000    
       228  40.40000    
       229  40.40000    
       230  40.40000    
       231  40.40000    
       232  40.40000    
       233  40.40000    
       234  40.40000    
       235  40.40000    
       236  40.40000    
       237  40.40000    
       221  40.40000    
       238  40.40000    
       222  40.40000    
       239  40.40000    
       223  40.40000    
       240  40.40000    
       224  40.40000    
       180  38.30000    
       161  38.30000    
       179  38.30000    
       162  38.30000    
       178  38.30000    
       163  38.30000    
       183  38.30000    
       164  38.30000    
       165  38.30000    
       166  38.30000    
       167  38.30000    
       168  38.30000    
       169  38.30000    
       170  38.30000    
       171  38.30000    
       172  38.30000    
       173  38.30000    
       174  38.30000    
       175  38.30000    
       176  38.30000    
       205  39.90000    
       206  39.90000    
       207  39.90000    
       208  39.90000    
       209  39.90000    
       210  39.90000    
       211  39.90000    
       212  39.90000    
       213  39.90000    
       214  39.90000    
       215  39.90000    
       216  39.90000    
       217  39.90000    
       218  39.90000    
       202  39.90000    
       219  39.90000    
       203  39.90000    
       220  39.90000    
       204  39.90000    
       200  37.80000    
       181  37.80000    
       199  37.80000    
       182  37.80000    
       198  37.80000    
       197  37.80000    
       184  37.80000    
       185  37.80000    
       186  37.80000    
       187  37.80000    
       188  37.80000    
       189  37.80000    
       190  37.80000    
       191  37.80000    
       192  37.80000    
       193  37.80000    
       194  37.80000    
       195  37.80000    
       196  37.80000    
       305  38.00000    
       306  38.00000    
       307  38.00000    
       308  38.00000    
       309  38.00000    
       310  38.00000    
       311  38.00000    
       312  38.00000    
       313  38.00000    
       314  38.00000    
       315  38.00000    
       316  38.00000    
       317  38.00000    
       301  38.00000    
       318  38.00000    
       302  38.00000    
       319  38.00000    
       303  38.00000    
       320  38.00000    
       304  38.00000    
       260  34.00000    
       241  34.00000    
       259  34.00000    
       242  34.00000    
       258  34.00000    
       243  34.00000    
       263  34.00000    
       244  34.00000    
       245  34.00000    
       246  34.00000    
       247  34.00000    
       248  34.00000    
       249  34.00000    
       250  34.00000    
       251  34.00000    
       252  34.00000    
       253  34.00000    
       254  34.00000    
       255  34.00000    
       256  34.00000    
       285  37.80000    
       286  37.80000    
       287  37.80000    
       288  37.80000    
       289  37.80000    
       290  37.80000    
       291  37.80000    
       292  37.80000    
       293  37.80000    
       294  37.80000    
       295  37.80000    
       296  37.80000    
       297  37.80000    
       298  37.80000    
       282  37.80000    
       299  37.80000    
       283  37.80000    
       300  37.80000    
       284  37.80000    
       280  35.50000    
       261  35.50000    
       279  35.50000    
       262  35.50000    
       278  35.50000    
       277  35.50000    
       264  35.50000    
       265  35.50000    
       266  35.50000    
       267  35.50000    
       268  35.50000    
       269  35.50000    
       270  35.50000    
       271  35.50000    
       272  35.50000    
       273  35.50000    
       274  35.50000    
       275  35.50000    
       276  35.50000    
       385  37.40000    
       386  37.40000    
       387  37.40000    
       388  37.40000    
       389  37.40000    
       390  37.40000    
       391  37.40000    
       392  37.40000    
       393  37.40000    
       394  37.40000    
       395  37.40000    
       396  37.40000    
       397  37.40000    
       381  37.40000    
       398  37.40000    
       382  37.40000    
       399  37.40000    
       383  37.40000    
       400  37.40000    
       384  37.40000    
       340  33.50000    
       321  33.50000    
       339  33.50000    
       322  33.50000    
       338  33.50000    
       323  33.50000    
       343  33.50000    
       324  33.50000    
       325  33.50000    
       326  33.50000    
       327  33.50000    
       328  33.50000    
       329  33.50000    
       330  33.50000    
       331  33.50000    
       332  33.50000    
       333  33.50000    
       334  33.50000    
       335  33.50000    
       336  33.50000    
       365  37.40000    
       366  37.40000    
       367  37.40000    
       368  37.40000    
       369  37.40000    
       370  37.40000    
       371  37.40000    
       372  37.40000    
       373  37.40000    
       374  37.40000    
       375  37.40000    
       376  37.40000    
       377  37.40000    
       378  37.40000    
       362  37.40000    
       379  37.40000    
       363  37.40000    
       380  37.40000    
       364  37.40000    
       360  34.70000    
       341  34.70000    
       359  34.70000    
       342  34.70000    
       358  34.70000    
       357  34.70000    
       344  34.70000    
       345  34.70000    
       346  34.70000    
       347  34.70000    
       348  34.70000    
       349  34.70000    
       350  34.70000    
       351  34.70000    
       352  34.70000    
       353  34.70000    
       354  34.70000    
       355  34.70000    
       356  34.70000    
       465  39.80000    
       466  39.80000    
       467  39.80000    
       468  39.80000    
       469  39.80000    
       470  39.80000    
       471  39.80000    
       472  39.80000    
       473  39.80000    
       474  39.80000    
       475  39.80000    
       476  39.80000    
       477  39.80000    
       461  39.80000    
       478  39.80000    
       462  39.80000    
       479  39.80000    
       463  39.80000    
       480  39.80000    
       464  39.80000    
       420  33.10000    
       401  33.10000    
       419  33.10000    
       402  33.10000    
       418  33.10000    
       403  33.10000    
       423  33.10000    
       404  33.10000    
       405  33.10000    
       406  33.10000    
       407  33.10000    
       408  33.10000    
       409  33.10000    
       410  33.10000    
       411  33.10000    
       412  33.10000    
       413  33.10000    
       414  33.10000    
       415  33.10000    
       416  33.10000    
       445  38.40000    
       446  38.40000    
       447  38.40000    
       448  38.40000    
       449  38.40000    
       450  38.40000    
       451  38.40000    
       452  38.40000    
       453  38.40000    
       454  38.40000    
       455  38.40000    
       456  38.40000    
       457  38.40000    
       458  38.40000    
       442  38.40000    
       459  38.40000    
       443  38.40000    
       460  38.40000    
       444  38.40000    
       440  35.70000    
       421  35.70000    
       439  35.70000    
       422  35.70000    
       438  35.70000    
       437  35.70000    
       424  35.70000    
       425  35.70000    
       426  35.70000    
       427  35.70000    
       428  35.70000    
       429  35.70000    
       430  35.70000    
       431  35.70000    
       432  35.70000    
       433  35.70000    
       434  35.70000    
       435  35.70000    
       436  35.70000    
       545  34.80000    
       546  34.80000    
       547  34.80000    
       548  34.80000    
       549  34.80000    
       550  34.80000    
       551  34.80000    
       552  34.80000    
       553  34.80000    
       554  34.80000    
       555  34.80000    
       556  34.80000    
       557  34.80000    
       541  34.80000    
       558  34.80000    
       542  34.80000    
       559  34.80000    
       543  34.80000    
       560  34.80000    
       544  34.80000    
       500  33.60000    
       481  33.60000    
       499  33.60000    
       482  33.60000    
       498  33.60000    
       483  33.60000    
       503  33.60000    
       484  33.60000    
       485  33.60000    
       486  33.60000    
       487  33.60000    
       488  33.60000    
       489  33.60000    
       490  33.60000    
       491  33.60000    
       492  33.60000    
       493  33.60000    
       494  33.60000    
       495  33.60000    
       496  33.60000    
       525  34.60000    
       526  34.60000    
       527  34.60000    
       528  34.60000    
       529  34.60000    
       530  34.60000    
       531  34.60000    
       532  34.60000    
       533  34.60000    
       534  34.60000    
       535  34.60000    
       536  34.60000    
       537  34.60000    
       538  34.60000    
       522  34.60000    
       539  34.60000    
       523  34.60000    
       540  34.60000    
       524  34.60000    
       520  33.00000    
       501  33.00000    
       519  33.00000    
       502  33.00000    
       518  33.00000    
       517  33.00000    
       504  33.00000    
       505  33.00000    
       506  33.00000    
       507  33.00000    
       508  33.00000    
       509  33.00000    
       510  33.00000    
       511  33.00000    
       512  33.00000    
       513  33.00000    
       514  33.00000    
       515  33.00000    
       516  33.00000    
       625  40.40000    
       626  40.40000    
       627  40.40000    
       628  40.40000    
       629  40.40000    
       630  40.40000    
       631  40.40000    
       632  40.40000    
       633  40.40000    
       634  40.40000    
       635  40.40000    
       636  40.40000    
       637  40.40000    
       621  40.40000    
       638  40.40000    
       622  40.40000    
       639  40.40000    
       623  40.40000    
       640  40.40000    
       624  40.40000    
       580  35.70000    
       561  35.70000    
       579  35.70000    
       562  35.70000    
       578  35.70000    
       563  35.70000    
       583  35.70000    
       564  35.70000    
       565  35.70000    
       566  35.70000    
       567  35.70000    
       568  35.70000    
       569  35.70000    
       570  35.70000    
       571  35.70000    
       572  35.70000    
       573  35.70000    
       574  35.70000    
       575  35.70000    
       576  35.70000    
       605  39.50000    
       606  39.50000    
       607  39.50000    
       608  39.50000    
       609  39.50000    
       610  39.50000    
       611  39.50000    
       612  39.50000    
       613  39.50000    
       614  39.50000    
       615  39.50000    
       616  39.50000    
       617  39.50000    
       618  39.50000    
       602  39.50000    
       619  39.50000    
       603  39.50000    
       620  39.50000    
       604  39.50000    
       600  37.40000    
       581  37.40000    
       599  37.40000    
       582  37.40000    
       598  37.40000    
       597  37.40000    
       584  37.40000    
       585  37.40000    
       586  37.40000    
       587  37.40000    
       588  37.40000    
       589  37.40000    
       590  37.40000    
       591  37.40000    
       592  37.40000    
       593  37.40000    
       594  37.40000    
       595  37.40000    
       596  37.40000    
       705  37.60000    
       706  37.60000    
       707  37.60000    
       708  37.60000    
       709  37.60000    
       710  37.60000    
       711  37.60000    
       712  37.60000    
       713  37.60000    
       714  37.60000    
       715  37.60000    
       716  37.60000    
       717  37.60000    
       701  37.60000    
       718  37.60000    
       702  37.60000    
       719  37.60000    
       703  37.60000    
       720  37.60000    
       704  37.60000    
       660  34.80000    
       641  34.80000    
       659  34.80000    
       642  34.80000    
       658  34.80000    
       643  34.80000    
       663  34.80000    
       644  34.80000    
       645  34.80000    
       646  34.80000    
       647  34.80000    
       648  34.80000    
       649  34.80000    
       650  34.80000    
       651  34.80000    
       652  34.80000    
       653  34.80000    
       654  34.80000    
       655  34.80000    
       656  34.80000    
       685  37.60000    
       686  37.60000    
       687  37.60000    
       688  37.60000    
       689  37.60000    
       690  37.60000    
       691  37.60000    
       692  37.60000    
       693  37.60000    
       694  37.60000    
       695  37.60000    
       696  37.60000    
       697  37.60000    
       698  37.60000    
       682  37.60000    
       699  37.60000    
       683  37.60000    
       700  37.60000    
       684  37.60000    
       680  35.80000    
       661  35.80000    
       679  35.80000    
       662  35.80000    
       678  35.80000    
       677  35.80000    
       664  35.80000    
       665  35.80000    
       666  35.80000    
       667  35.80000    
       668  35.80000    
       669  35.80000    
       670  35.80000    
       671  35.80000    
       672  35.80000    
       673  35.80000    
       674  35.80000    
       675  35.80000    
       676  35.80000    
       785  39.60000    
       786  39.60000    
       787  39.60000    
       788  39.60000    
       789  39.60000    
       790  39.60000    
       791  39.60000    
       792  39.60000    
       793  39.60000    
       794  39.60000    
       795  39.60000    
       796  39.60000    
       797  39.60000    
       781  39.60000    
       798  39.60000    
       782  39.60000    
       799  39.60000    
       783  39.60000    
       800  39.60000    
       784  39.60000    
       740  34.70000    
       721  34.70000    
       739  34.70000    
       722  34.70000    
       738  34.70000    
       723  34.70000    
       743  34.70000    
       724  34.70000    
       725  34.70000    
       726  34.70000    
       727  34.70000    
       728  34.70000    
       729  34.70000    
       730  34.70000    
       731  34.70000    
       732  34.70000    
       733  34.70000    
       734  34.70000    
       735  34.70000    
       736  34.70000    
       765  38.70000    
       766  38.70000    
       767  38.70000    
       768  38.70000    
       769  38.70000    
       770  38.70000    
       771  38.70000    
       772  38.70000    
       773  38.70000    
       774  38.70000    
       775  38.70000    
       776  38.70000    
       777  38.70000    
       778  38.70000    
       762  38.70000    
       779  38.70000    
       763  38.70000    
       780  38.70000    
       764  38.70000    
       760  36.20000    
       741  36.20000    
       759  36.20000    
       742  36.20000    
       758  36.20000    
       757  36.20000    
       744  36.20000    
       745  36.20000    
       746  36.20000    
       747  36.20000    
       748  36.20000    
       749  36.20000    
       750  36.20000    
       751  36.20000    
       752  36.20000    
       753  36.20000    
       754  36.20000    
       755  36.20000    
       756  36.20000    
       865  38.50000    
       866  38.50000    
       867  38.50000    
       868  38.50000    
       869  38.50000    
       870  38.50000    
       871  38.50000    
       872  38.50000    
       873  38.50000    
       874  38.50000    
       875  38.50000    
       876  38.50000    
       877  38.50000    
       861  38.50000    
       878  38.50000    
       862  38.50000    
       879  38.50000    
       863  38.50000    
       880  38.50000    
       864  38.50000    
       820  34.20000    
       801  34.20000    
       819  34.20000    
       802  34.20000    
       818  34.20000    
       803  34.20000    
       823  34.20000    
       804  34.20000    
       805  34.20000    
       806  34.20000    
       807  34.20000    
       808  34.20000    
       809  34.20000    
       810  34.20000    
       811  34.20000    
       812  34.20000    
       813  34.20000    
       814  34.20000    
       815  34.20000    
       816  34.20000    
       845  38.50000    
       846  38.50000    
       847  38.50000    
       848  38.50000    
       849  38.50000    
       850  38.50000    
       851  38.50000    
       852  38.50000    
       853  38.50000    
       854  38.50000    
       855  38.50000    
       856  38.50000    
       857  38.50000    
       858  38.50000    
       842  38.50000    
       859  38.50000    
       843  38.50000    
       860  38.50000    
       844  38.50000    
       840  36.00000    
       821  36.00000    
       839  36.00000    
       822  36.00000    
       838  36.00000    
       837  36.00000    
       824  36.00000    
       825  36.00000    
       826  36.00000    
       827  36.00000    
       828  36.00000    
       829  36.00000    
       830  36.00000    
       831  36.00000    
       832  36.00000    
       833  36.00000    
       834  36.00000    
       835  36.00000    
       836  36.00000    
       945  0.000000    
       946  0.000000    
       947  0.000000    
       948  0.000000    
       949  0.000000    
       950  0.000000    
       951  0.000000    
       952  0.000000    
       953  0.000000    
       954  0.000000    
       955  0.000000    
       956  0.000000    
       957  0.000000    
       941  0.000000    
       958  0.000000    
       942  0.000000    
       959  0.000000    
       943  0.000000    
       960  0.000000    
       944  0.000000    
       900  36.80000    
       881  36.80000    
       899  36.80000    
       882  36.80000    
       898  36.80000    
       883  36.80000    
       903  36.80000    
       884  36.80000    
       885  36.80000    
       886  36.80000    
       887  36.80000    
       888  36.80000    
       889  36.80000    
       890  36.80000    
       891  36.80000    
       892  36.80000    
       893  36.80000    
       894  36.80000    
       895  36.80000    
       896  36.80000    
       925  0.000000    
       926  0.000000    
       927  0.000000    
       928  0.000000    
       929  0.000000    
       930  0.000000    
       931  0.000000    
       932  0.000000    
       933  0.000000    
       934  0.000000    
       935  0.000000    
       936  0.000000    
       937  0.000000    
       938  0.000000    
       922  0.000000    
       939  0.000000    
       923  0.000000    
       940  0.000000    
       924  0.000000    
       920  37.80000    
       901  37.80000    
       919  37.80000    
       902  37.80000    
       918  37.80000    
       917  37.80000    
       904  37.80000    
       905  37.80000    
       906  37.80000    
       907  37.80000    
       908  37.80000    
       909  37.80000    
       910  37.80000    
       911  37.80000    
       912  37.80000    
       913  37.80000    
       914  37.80000    
       915  37.80000    
       916  37.80000    
      1025  40.40000    
      1026  40.40000    
      1027  40.40000    
      1028  40.40000    
      1029  40.40000    
      1030  40.40000    
      1031  40.40000    
      1032  40.40000    
      1033  40.40000    
      1034  40.40000    
      1035  40.40000    
      1036  40.40000    
      1037  40.40000    
      1021  40.40000    
      1038  40.40000    
      1022  40.40000    
      1039  40.40000    
      1023  40.40000    
      1040  40.40000    
      1024  40.40000    
       980  34.00000    
       961  34.00000    
       979  34.00000    
       962  34.00000    
       978  34.00000    
       963  34.00000    
       983  34.00000    
       964  34.00000    
       965  34.00000    
       966  34.00000    
       967  34.00000    
       968  34.00000    
       969  34.00000    
       970  34.00000    
       971  34.00000    
       972  34.00000    
       973  34.00000    
       974  34.00000    
       975  34.00000    
       976  34.00000    
      1005  41.80000    
      1006  41.80000    
      1007  41.80000    
      1008  41.80000    
      1009  41.80000    
      1010  41.80000    
      1011  41.80000    
      1012  41.80000    
      1013  41.80000    
      1014  41.80000    
      1015  41.80000    
      1016  41.80000    
      1017  41.80000    
      1018  41.80000    
      1002  41.80000    
      1019  41.80000    
      1003  41.80000    
      1020  41.80000    
      1004  41.80000    
      1000  39.40000    
       981  39.40000    
       999  39.40000    
       982  39.40000    
       998  39.40000    
       997  39.40000    
       984  39.40000    
       985  39.40000    
       986  39.40000    
       987  39.40000    
       988  39.40000    
       989  39.40000    
       990  39.40000    
       991  39.40000    
       992  39.40000    
       993  39.40000    
       994  39.40000    
       995  39.40000    
       996  39.40000    
      1105  40.40000    
      1106  40.40000    
      1107  40.40000    
      1108  40.40000    
      1109  40.40000    
      1110  40.40000    
      1111  40.40000    
      1112  40.40000    
      1113  40.40000    
      1114  40.40000    
      1115  40.40000    
      1116  40.40000    
      1117  40.40000    
      1101  40.40000    
      1118  40.40000    
      1102  40.40000    
      1119  40.40000    
      1103  40.40000    
      1120  40.40000    
      1104  40.40000    
      1060  38.30000    
      1041  38.30000    
      1059  38.30000    
      1042  38.30000    
      1058  38.30000    
      1043  38.30000    
      1063  38.30000    
      1044  38.30000    
      1045  38.30000    
      1046  38.30000    
      1047  38.30000    
      1048  38.30000    
      1049  38.30000    
      1050  38.30000    
      1051  38.30000    
      1052  38.30000    
      1053  38.30000    
      1054  38.30000    
      1055  38.30000    
      1056  38.30000    
      1085  34.80000    
      1086  34.80000    
      1087  34.80000    
      1088  34.80000    
      1089  34.80000    
      1090  34.80000    
      1091  34.80000    
      1092  34.80000    
      1093  34.80000    
      1094  34.80000    
      1095  34.80000    
      1096  34.80000    
      1097  34.80000    
      1098  34.80000    
      1082  34.80000    
      1099  34.80000    
      1083  34.80000    
      1100  34.80000    
      1084  34.80000    
      1080  31.80000    
      1061  31.80000    
      1079  31.80000    
      1062  31.80000    
      1078  31.80000    
      1077  31.80000    
      1064  31.80000    
      1065  31.80000    
      1066  31.80000    
      1067  31.80000    
      1068  31.80000    
      1069  31.80000    
      1070  31.80000    
      1071  31.80000    
      1072  31.80000    
      1073  31.80000    
      1074  31.80000    
      1075  31.80000    
      1076  31.80000    
      1185  38.00000    
      1186  38.00000    
      1187  38.00000    
      1188  38.00000    
      1189  38.00000    
      1190  38.00000    
      1191  38.00000    
      1192  38.00000    
      1193  38.00000    
      1194  38.00000    
      1195  38.00000    
      1196  38.00000    
      1197  38.00000    
      1181  38.00000    
      1198  38.00000    
      1182  38.00000    
      1199  38.00000    
      1183  38.00000    
      1200  38.00000    
      1184  38.00000    
      1140  34.00000    
      1121  34.00000    
      1139  34.00000    
      1122  34.00000    
      1138  34.00000    
      1123  34.00000    
      1143  34.00000    
      1124  34.00000    
      1125  34.00000    
      1126  34.00000    
      1127  34.00000    
      1128  34.00000    
      1129  34.00000    
      1130  34.00000    
      1131  34.00000    
      1132  34.00000    
      1133  34.00000    
      1134  34.00000    
      1135  34.00000    
      1136  34.00000    
      1165  35.80000    
      1166  35.80000    
      1167  35.80000    
      1168  35.80000    
      1169  35.80000    
      1170  35.80000    
      1171  35.80000    
      1172  35.80000    
      1173  35.80000    
      1174  35.80000    
      1175  35.80000    
      1176  35.80000    
      1177  35.80000    
      1178  35.80000    
      1162  35.80000    
      1179  35.80000    
      1163  35.80000    
      1180  35.80000    
      1164  35.80000    
      1160  33.40000    
      1141  33.40000    
      1159  33.40000    
      1142  33.40000    
      1158  33.40000    
      1157  33.40000    
      1144  33.40000    
      1145  33.40000    
      1146  33.40000    
      1147  33.40000    
      1148  33.40000    
      1149  33.40000    
      1150  33.40000    
      1151  33.40000    
      1152  33.40000    
      1153  33.40000    
      1154  33.40000    
      1155  33.40000    
      1156  33.40000    
      1265  37.40000    
      1266  37.40000    
      1267  37.40000    
      1268  37.40000    
      1269  37.40000    
      1270  37.40000    
      1271  37.40000    
      1272  37.40000    
      1273  37.40000    
      1274  37.40000    
      1275  37.40000    
      1276  37.40000    
      1277  37.40000    
      1261  37.40000    
      1278  37.40000    
      1262  37.40000    
      1279  37.40000    
      1263  37.40000    
      1280  37.40000    
      1264  37.40000    
      1220  33.50000    
      1201  33.50000    
      1219  33.50000    
      1202  33.50000    
      1218  33.50000    
      1203  33.50000    
      1223  33.50000    
      1204  33.50000    
      1205  33.50000    
      1206  33.50000    
      1207  33.50000    
      1208  33.50000    
      1209  33.50000    
      1210  33.50000    
      1211  33.50000    
      1212  33.50000    
      1213  33.50000    
      1214  33.50000    
      1215  33.50000    
      1216  33.50000    
      1245  38.60000    
      1246  38.60000    
      1247  38.60000    
      1248  38.60000    
      1249  38.60000    
      1250  38.60000    
      1251  38.60000    
      1252  38.60000    
      1253  38.60000    
      1254  38.60000    
      1255  38.60000    
      1256  38.60000    
      1257  38.60000    
      1258  38.60000    
      1242  38.60000    
      1259  38.60000    
      1243  38.60000    
      1260  38.60000    
      1244  38.60000    
      1240  36.90000    
      1221  36.90000    
      1239  36.90000    
      1222  36.90000    
      1238  36.90000    
      1237  36.90000    
      1224  36.90000    
      1225  36.90000    
      1226  36.90000    
      1227  36.90000    
      1228  36.90000    
      1229  36.90000    
      1230  36.90000    
      1231  36.90000    
      1232  36.90000    
      1233  36.90000    
      1234  36.90000    
      1235  36.90000    
      1236  36.90000    
      1345  39.80000    
      1346  39.80000    
      1347  39.80000    
      1348  39.80000    
      1349  39.80000    
      1350  39.80000    
      1351  39.80000    
      1352  39.80000    
      1353  39.80000    
      1354  39.80000    
      1355  39.80000    
      1356  39.80000    
      1357  39.80000    
      1341  39.80000    
      1358  39.80000    
      1342  39.80000    
      1359  39.80000    
      1343  39.80000    
      1360  39.80000    
      1344  39.80000    
      1300  33.10000    
      1281  33.10000    
      1299  33.10000    
      1282  33.10000    
      1298  33.10000    
      1283  33.10000    
      1303  33.10000    
      1284  33.10000    
      1285  33.10000    
      1286  33.10000    
      1287  33.10000    
      1288  33.10000    
      1289  33.10000    
      1290  33.10000    
      1291  33.10000    
      1292  33.10000    
      1293  33.10000    
      1294  33.10000    
      1295  33.10000    
      1296  33.10000    
      1325  39.40000    
      1326  39.40000    
      1327  39.40000    
      1328  39.40000    
      1329  39.40000    
      1330  39.40000    
      1331  39.40000    
      1332  39.40000    
      1333  39.40000    
      1334  39.40000    
      1335  39.40000    
      1336  39.40000    
      1337  39.40000    
      1338  39.40000    
      1322  39.40000    
      1339  39.40000    
      1323  39.40000    
      1340  39.40000    
      1324  39.40000    
      1320  38.00000    
      1301  38.00000    
      1319  38.00000    
      1302  38.00000    
      1318  38.00000    
      1317  38.00000    
      1304  38.00000    
      1305  38.00000    
      1306  38.00000    
      1307  38.00000    
      1308  38.00000    
      1309  38.00000    
      1310  38.00000    
      1311  38.00000    
      1312  38.00000    
      1313  38.00000    
      1314  38.00000    
      1315  38.00000    
      1316  38.00000    
      1425  34.80000    
      1426  34.80000    
      1427  34.80000    
      1428  34.80000    
      1429  34.80000    
      1430  34.80000    
      1431  34.80000    
      1432  34.80000    
      1433  34.80000    
      1434  34.80000    
      1435  34.80000    
      1436  34.80000    
      1437  34.80000    
      1421  34.80000    
      1438  34.80000    
      1422  34.80000    
      1439  34.80000    
      1423  34.80000    
      1440  34.80000    
      1424  34.80000    
      1380  33.60000    
      1361  33.60000    
      1379  33.60000    
      1362  33.60000    
      1378  33.60000    
      1363  33.60000    
      1383  33.60000    
      1364  33.60000    
      1365  33.60000    
      1366  33.60000    
      1367  33.60000    
      1368  33.60000    
      1369  33.60000    
      1370  33.60000    
      1371  33.60000    
      1372  33.60000    
      1373  33.60000    
      1374  33.60000    
      1375  33.60000    
      1376  33.60000    
      1405  44.10000    
      1406  44.10000    
      1407  44.10000    
      1408  44.10000    
      1409  44.10000    
      1410  44.10000    
      1411  44.10000    
      1412  44.10000    
      1413  44.10000    
      1414  44.10000    
      1415  44.10000    
      1416  44.10000    
      1417  44.10000    
      1418  44.10000    
      1402  44.10000    
      1419  44.10000    
      1403  44.10000    
      1420  44.10000    
      1404  44.10000    
      1400  41.30000    
      1381  41.30000    
      1399  41.30000    
      1382  41.30000    
      1398  41.30000    
      1397  41.30000    
      1384  41.30000    
      1385  41.30000    
      1386  41.30000    
      1387  41.30000    
      1388  41.30000    
      1389  41.30000    
      1390  41.30000    
      1391  41.30000    
      1392  41.30000    
      1393  41.30000    
      1394  41.30000    
      1395  41.30000    
      1396  41.30000    
      1505  40.40000    
      1506  40.40000    
      1507  40.40000    
      1508  40.40000    
      1509  40.40000    
      1510  40.40000    
      1511  40.40000    
      1512  40.40000    
      1513  40.40000    
      1514  40.40000    
      1515  40.40000    
      1516  40.40000    
      1517  40.40000    
      1501  40.40000    
      1518  40.40000    
      1502  40.40000    
      1519  40.40000    
      1503  40.40000    
      1520  40.40000    
      1504  40.40000    
      1460  35.70000    
      1441  35.70000    
      1459  35.70000    
      1442  35.70000    
      1458  35.70000    
      1443  35.70000    
      1463  35.70000    
      1444  35.70000    
      1445  35.70000    
      1446  35.70000    
      1447  35.70000    
      1448  35.70000    
      1449  35.70000    
      1450  35.70000    
      1451  35.70000    
      1452  35.70000    
      1453  35.70000    
      1454  35.70000    
      1455  35.70000    
      1456  35.70000    
      1485  41.70000    
      1486  41.70000    
      1487  41.70000    
      1488  41.70000    
      1489  41.70000    
      1490  41.70000    
      1491  41.70000    
      1492  41.70000    
      1493  41.70000    
      1494  41.70000    
      1495  41.70000    
      1496  41.70000    
      1497  41.70000    
      1498  41.70000    
      1482  41.70000    
      1499  41.70000    
      1483  41.70000    
      1500  41.70000    
      1484  41.70000    
      1480  39.50000    
      1461  39.50000    
      1479  39.50000    
      1462  39.50000    
      1478  39.50000    
      1477  39.50000    
      1464  39.50000    
      1465  39.50000    
      1466  39.50000    
      1467  39.50000    
      1468  39.50000    
      1469  39.50000    
      1470  39.50000    
      1471  39.50000    
      1472  39.50000    
      1473  39.50000    
      1474  39.50000    
      1475  39.50000    
      1476  39.50000    
      1585  37.60000    
      1586  37.60000    
      1587  37.60000    
      1588  37.60000    
      1589  37.60000    
      1590  37.60000    
      1591  37.60000    
      1592  37.60000    
      1593  37.60000    
      1594  37.60000    
      1595  37.60000    
      1596  37.60000    
      1597  37.60000    
      1581  37.60000    
      1598  37.60000    
      1582  37.60000    
      1599  37.60000    
      1583  37.60000    
      1600  37.60000    
      1584  37.60000    
      1540  34.80000    
      1521  34.80000    
      1539  34.80000    
      1522  34.80000    
      1538  34.80000    
      1523  34.80000    
      1543  34.80000    
      1524  34.80000    
      1525  34.80000    
      1526  34.80000    
      1527  34.80000    
      1528  34.80000    
      1529  34.80000    
      1530  34.80000    
      1531  34.80000    
      1532  34.80000    
      1533  34.80000    
      1534  34.80000    
      1535  34.80000    
      1536  34.80000    
      1565  38.90000    
      1566  38.90000    
      1567  38.90000    
      1568  38.90000    
      1569  38.90000    
      1570  38.90000    
      1571  38.90000    
      1572  38.90000    
      1573  38.90000    
      1574  38.90000    
      1575  38.90000    
      1576  38.90000    
      1577  38.90000    
      1578  38.90000    
      1562  38.90000    
      1579  38.90000    
      1563  38.90000    
      1580  38.90000    
      1564  38.90000    
      1560  36.10000    
      1541  36.10000    
      1559  36.10000    
      1542  36.10000    
      1558  36.10000    
      1557  36.10000    
      1544  36.10000    
      1545  36.10000    
      1546  36.10000    
      1547  36.10000    
      1548  36.10000    
      1549  36.10000    
      1550  36.10000    
      1551  36.10000    
      1552  36.10000    
      1553  36.10000    
      1554  36.10000    
      1555  36.10000    
      1556  36.10000    
      1665  39.60000    
      1666  39.60000    
      1667  39.60000    
      1668  39.60000    
      1669  39.60000    
      1670  39.60000    
      1671  39.60000    
      1672  39.60000    
      1673  39.60000    
      1674  39.60000    
      1675  39.60000    
      1676  39.60000    
      1677  39.60000    
      1661  39.60000    
      1678  39.60000    
      1662  39.60000    
      1679  39.60000    
      1663  39.60000    
      1680  39.60000    
      1664  39.60000    
      1620  34.70000    
      1601  34.70000    
      1619  34.70000    
      1602  34.70000    
      1618  34.70000    
      1603  34.70000    
      1623  34.70000    
      1604  34.70000    
      1605  34.70000    
      1606  34.70000    
      1607  34.70000    
      1608  34.70000    
      1609  34.70000    
      1610  34.70000    
      1611  34.70000    
      1612  34.70000    
      1613  34.70000    
      1614  34.70000    
      1615  34.70000    
      1616  34.70000    
      1645  35.20000    
      1646  35.20000    
      1647  35.20000    
      1648  35.20000    
      1649  35.20000    
      1650  35.20000    
      1651  35.20000    
      1652  35.20000    
      1653  35.20000    
      1654  35.20000    
      1655  35.20000    
      1656  35.20000    
      1657  35.20000    
      1658  35.20000    
      1642  35.20000    
      1659  35.20000    
      1643  35.20000    
      1660  35.20000    
      1644  35.20000    
      1640  32.80000    
      1621  32.80000    
      1639  32.80000    
      1622  32.80000    
      1638  32.80000    
      1637  32.80000    
      1624  32.80000    
      1625  32.80000    
      1626  32.80000    
      1627  32.80000    
      1628  32.80000    
      1629  32.80000    
      1630  32.80000    
      1631  32.80000    
      1632  32.80000    
      1633  32.80000    
      1634  32.80000    
      1635  32.80000    
      1636  32.80000    
      1745  38.50000    
      1746  38.50000    
      1747  38.50000    
      1748  38.50000    
      1749  38.50000    
      1750  38.50000    
      1751  38.50000    
      1752  38.50000    
      1753  38.50000    
      1754  38.50000    
      1755  38.50000    
      1756  38.50000    
      1757  38.50000    
      1741  38.50000    
      1758  38.50000    
      1742  38.50000    
      1759  38.50000    
      1743  38.50000    
      1760  38.50000    
      1744  38.50000    
      1700  34.20000    
      1681  34.20000    
      1699  34.20000    
      1682  34.20000    
      1698  34.20000    
      1683  34.20000    
      1703  34.20000    
      1684  34.20000    
      1685  34.20000    
      1686  34.20000    
      1687  34.20000    
      1688  34.20000    
      1689  34.20000    
      1690  34.20000    
      1691  34.20000    
      1692  34.20000    
      1693  34.20000    
      1694  34.20000    
      1695  34.20000    
      1696  34.20000    
      1725  35.40000    
      1726  35.40000    
      1727  35.40000    
      1728  35.40000    
      1729  35.40000    
      1730  35.40000    
      1731  35.40000    
      1732  35.40000    
      1733  35.40000    
      1734  35.40000    
      1735  35.40000    
      1736  35.40000    
      1737  35.40000    
      1738  35.40000    
      1722  35.40000    
      1739  35.40000    
      1723  35.40000    
      1740  35.40000    
      1724  35.40000    
      1720  34.30000    
      1701  34.30000    
      1719  34.30000    
      1702  34.30000    
      1718  34.30000    
      1717  34.30000    
      1704  34.30000    
      1705  34.30000    
      1706  34.30000    
      1707  34.30000    
      1708  34.30000    
      1709  34.30000    
      1710  34.30000    
      1711  34.30000    
      1712  34.30000    
      1713  34.30000    
      1714  34.30000    
      1715  34.30000    
      1716  34.30000    
      1825  0.000000    
      1826  0.000000    
      1827  0.000000    
      1828  0.000000    
      1829  0.000000    
      1830  0.000000    
      1831  0.000000    
      1832  0.000000    
      1833  0.000000    
      1834  0.000000    
      1835  0.000000    
      1836  0.000000    
      1837  0.000000    
      1821  0.000000    
      1838  0.000000    
      1822  0.000000    
      1839  0.000000    
      1823  0.000000    
      1840  0.000000    
      1824  0.000000    
      1780  36.80000    
      1761  36.80000    
      1779  36.80000    
      1762  36.80000    
      1778  36.80000    
      1763  36.80000    
      1783  36.80000    
      1764  36.80000    
      1765  36.80000    
      1766  36.80000    
      1767  36.80000    
      1768  36.80000    
      1769  36.80000    
      1770  36.80000    
      1771  36.80000    
      1772  36.80000    
      1773  36.80000    
      1774  36.80000    
      1775  36.80000    
      1776  36.80000    
      1805  37.10000    
      1806  37.10000    
      1807  37.10000    
      1808  37.10000    
      1809  37.10000    
      1810  37.10000    
      1811  37.10000    
      1812  37.10000    
      1813  37.10000    
      1814  37.10000    
      1815  37.10000    
      1816  37.10000    
      1817  37.10000    
      1818  37.10000    
      1802  37.10000    
      1819  37.10000    
      1803  37.10000    
      1820  37.10000    
      1804  37.10000    
      1800  35.20000    
      1781  35.20000    
      1799  35.20000    
      1782  35.20000    
      1798  35.20000    
      1797  35.20000    
      1784  35.20000    
      1785  35.20000    
      1786  35.20000    
      1787  35.20000    
      1788  35.20000    
      1789  35.20000    
      1790  35.20000    
      1791  35.20000    
      1792  35.20000    
      1793  35.20000    
      1794  35.20000    
      1795  35.20000    
      1796  35.20000    
